1 2 3 4 14
1 2 3 7 12
1 2 4 10 11
1 2 5 11 16
1 2 6 9 13
1 2 8 12 13
1 3 4 13 15
1 3 6 13 16
1 3 9 10 11
1 4 5 12 15
1 4 6 8 15
1 4 7 9 16
1 5 6 7 14
1 5 6 11 12
1 5 8 9 10
1 5 8 10 12
1 6 10 15 16
1 7 8 11 15
1 7 10 13 14
1 8 12 14 16
1 9 13 14 15
2 3 4 9 12
2 3 5 6 8
2 3 11 15 16
2 4 5 9 12
2 4 6 8 16
2 4 7 13 16
2 5 7 10 15
2 5 9 15 16
2 5 11 13 14
2 6 7 10 11
2 6 12 14 15
2 7 8 9 14
2 8 10 13 15
2 10 12 14 16
3 4 5 7 11
3 4 7 8 10
3 5 8 14 15
3 5 9 12 13
3 5 10 13 16
3 6 7 8 13
3 6 7 9 15
3 6 11 14 16
3 8 9 14 16
3 8 10 11 14
3 10 12 15 16
3 11 12 13 14
4 5 6 10 16
4 5 8 13 14
4 6 7 12 14
4 6 8 9 11
4 6 10 12 13
4 8 11 12 15
4 9 10 14 15
4 11 13 14 16
5 6 9 10 14
5 6 11 13 15
5 7 8 12 16
5 7 9 11 13
6 8 9 12 16
7 9 10 11 12
7 11 14 15 16
7 12 13 15 16
8 9 11 13 16
