1 2 4 11 12
1 2 5 6 16
1 2 5 11 15
1 2 6 7 12
1 2 8 10 14
1 2 12 13 14
1 3 4 5 16
1 3 4 7 11
1 3 5 10 13
1 3 6 9 12
1 3 7 14 15
1 4 5 8 14
1 4 6 8 13
1 4 8 12 15
1 5 7 8 9
1 6 9 10 15
1 6 9 14 16
1 7 13 15 16
1 8 9 11 13
1 10 11 12 16
2 3 5 7 14
2 3 5 11 13
2 3 8 12 13
2 3 10 12 15
2 3 14 15 16
2 4 6 7 15
2 4 7 9 16
2 4 8 12 16
2 4 9 11 14
2 5 6 10 11
2 5 8 9 15
2 6 7 8 11
2 6 9 13 16
2 7 9 10 13
3 4 6 8 9
3 4 6 10 14
3 4 9 12 14
3 4 9 13 15
3 5 6 13 15
3 5 8 11 12
3 6 7 10 16
3 7 8 9 16
3 7 11 12 16
3 8 9 10 11
3 8 13 14 16
4 5 7 12 13
4 5 9 10 12
4 5 11 14 15
4 6 11 15 16
4 7 8 10 16
4 10 11 13 16
4 10 13 14 15
5 6 7 12 14
5 6 9 11 16
5 7 8 10 15
5 9 10 14 16
5 9 12 13 14
5 12 13 15 16
6 7 11 13 14
6 8 10 12 13
6 8 12 14 15
7 9 11 12 15
7 10 11 12 14
8 11 14 15 16
