1 2 3 4 12
1 2 5 10 16
1 2 6 8 10
1 2 9 11 15
1 2 12 13 15
1 3 5 7 12
1 3 5 9 10
1 3 6 14 16
1 3 8 13 14
1 3 10 11 14
1 4 5 6 11
1 4 8 10 15
1 4 9 13 14
1 4 9 15 16
1 5 7 11 13
1 6 7 13 16
1 6 7 14 15
1 7 8 9 12
1 8 11 12 16
2 3 5 6 13
2 3 7 10 15
2 3 8 12 15
2 3 9 11 14
2 4 5 8 9
2 4 5 12 14
2 4 6 7 9
2 4 7 12 16
2 4 10 11 13
2 5 6 14 15
2 6 10 12 14
2 6 11 15 16
2 7 8 11 14
2 7 10 13 14
2 8 9 13 16
3 4 5 14 15
3 4 6 9 10
3 4 7 8 13
3 4 8 11 16
3 5 11 15 16
3 6 7 11 12
3 6 8 9 15
3 7 9 14 16
3 9 11 12 13
3 10 13 15 16
4 5 7 10 14
4 5 13 14 16
4 6 8 12 14
4 6 10 12 16
4 6 13 14 15
4 7 11 12 15
5 6 7 8 10
5 6 9 12 16
5 7 8 15 16
5 7 9 13 15
5 8 9 11 14
5 8 10 12 13
5 10 11 12 15
6 8 9 10 11
6 8 11 13 15
6 9 10 12 13
7 9 10 11 16
8 10 14 15 16
9 10 12 14 15
11 12 13 14 16
