1 2 3 4 8
1 2 5 9 10
1 2 6 12 16
1 2 7 10 14
1 2 11 12 13
1 3 5 7 13
1 3 6 11 14
1 3 9 10 13
1 3 13 15 16
1 4 5 6 15
1 4 7 9 11
1 4 10 11 15
1 5 8 11 16
1 5 9 14 16
1 6 8 9 13
1 7 14 15 16
1 8 10 12 16
1 8 12 13 14
2 3 5 14 16
2 3 7 8 9
2 3 7 15 16
2 3 9 11 12
2 3 10 11 15
2 4 5 7 16
2 4 6 9 14
2 4 12 14 15
2 5 7 12 15
2 5 8 10 11
2 6 7 13 15
2 6 8 10 14
2 8 9 11 15
2 8 10 13 16
2 11 13 14 16
3 4 5 6 10
3 4 5 9 15
3 4 6 7 12
3 4 6 13 16
3 4 8 10 14
3 5 8 12 13
3 5 11 12 16
3 6 8 15 16
3 7 8 11 13
3 7 9 13 14
3 8 9 14 15
4 5 8 13 15
4 5 11 13 14
4 6 8 11 12
4 7 8 13 16
4 7 10 12 13
4 8 11 14 16
4 9 10 15 16
4 9 12 13 16
5 6 7 8 14
5 6 9 11 13
5 6 12 14 16
5 7 9 10 15
5 10 13 14 16
6 7 8 10 15
6 7 10 11 16
6 8 9 10 12
6 9 12 13 15
7 8 11 12 15
7 9 12 15 16
10 11 13 14 15
