1 2 3 4 8
1 2 3 4 14
1 2 3 5 9
1 2 3 6 11
1 2 3 7 10
1 2 3 12 15
1 2 3 13 16
1 4 5 12 16
1 4 6 8 15
1 4 7 9 13
1 4 9 10 11
1 5 6 7 14
1 5 8 10 13
1 5 9 15 16
1 6 10 14 16
1 6 11 12 13
1 7 8 11 16
1 7 10 12 15
1 8 9 12 14
1 11 13 14 15
2 4 5 10 15
2 4 6 9 14
2 4 7 12 16
2 4 8 11 13
2 5 6 7 13
2 5 8 14 16
2 5 9 12 13
2 6 8 10 12
2 6 11 15 16
2 7 8 9 15
2 7 11 12 14
2 9 10 11 16
2 10 13 14 15
3 4 5 8 9
3 4 6 10 13
3 4 6 12 16
3 4 7 11 15
3 5 6 7 15
3 5 10 12 14
3 5 11 13 16
3 6 8 11 14
3 7 8 12 13
3 7 9 14 16
3 8 10 15 16
3 9 10 11 12
3 9 13 14 15
4 5 6 7 8
4 7 8 10 14
4 9 12 15 16
4 10 12 13 16
4 11 12 14 16
4 13 14 15 16
5 6 7 8 11
5 6 7 9 12
5 6 7 10 16
5 8 11 12 15
5 9 10 11 14
5 12 13 14 15
6 8 9 13 16
6 8 13 14 15
6 9 10 11 15
7 9 10 11 13
7 13 14 15 16
8 9 10 11 12
