1 2 3 8 10
1 2 4 5 16
1 2 6 9 15
1 2 7 10 15
1 2 7 12 13
1 2 8 9 16
1 2 8 11 14
1 3 4 12 13
1 3 5 11 15
1 3 6 7 16
1 3 9 13 14
1 4 6 10 14
1 4 7 9 11
1 4 8 13 15
1 5 7 8 14
1 5 9 10 12
1 6 8 11 12
1 6 8 13 16
1 10 11 13 16
1 12 14 15 16
2 3 4 9 11
2 3 5 10 14
2 3 6 12 14
2 3 7 8 13
2 3 14 15 16
2 4 6 7 8
2 4 10 12 15
2 4 13 14 16
2 5 6 10 11
2 5 7 11 16
2 5 8 12 15
2 5 9 10 13
2 6 10 12 16
2 7 9 12 14
2 11 12 13 15
3 4 5 6 8
3 4 7 14 15
3 4 9 10 16
3 5 7 9 15
3 5 12 13 16
3 6 10 13 15
3 7 10 11 12
3 8 9 12 15
3 8 11 14 16
4 5 7 10 13
4 5 11 12 14
4 6 9 12 13
4 6 11 15 16
4 7 8 12 16
4 8 9 14 15
4 8 10 11 13
5 6 7 12 15
5 6 9 14 16
5 6 13 14 15
5 8 9 11 13
5 8 10 15 16
6 7 8 9 10
6 7 8 11 15
6 7 11 13 14
6 9 11 12 16
7 9 13 15 16
7 10 13 14 16
8 10 12 13 14
9 10 11 14 15
