1 2 3 6 10
1 2 4 5 12
1 2 7 15 16
1 2 9 11 12
1 2 13 14 16
1 3 4 8 14
1 3 5 11 16
1 3 9 12 13
1 3 10 13 15
1 4 6 12 15
1 4 7 9 10
1 4 10 11 13
1 5 6 8 13
1 5 7 13 14
1 6 7 8 11
1 6 9 12 16
1 6 10 11 14
1 8 9 14 15
1 8 10 12 16
2 3 4 9 15
2 3 5 15 16
2 4 6 7 14
2 4 6 10 16
2 4 7 12 13
2 4 8 11 15
2 5 6 11 14
2 5 7 10 13
2 5 8 9 12
2 6 8 10 15
2 6 8 14 16
2 6 9 12 14
2 7 9 13 15
2 12 13 15 16
3 4 5 8 13
3 4 6 8 12
3 4 7 10 11
3 5 6 7 9
3 5 10 12 14
3 6 7 13 16
3 6 8 9 10
3 6 11 14 15
3 7 8 12 15
3 9 10 13 14
3 9 11 12 16
4 5 6 10 12
4 5 7 12 16
4 5 9 10 14
4 5 9 11 12
4 6 9 11 13
4 7 8 10 15
4 8 9 13 16
4 11 14 15 16
4 12 13 14 15
5 6 9 15 16
5 7 8 13 15
5 8 10 11 14
5 10 14 15 16
6 7 10 12 13
7 8 9 11 14
7 9 10 14 16
7 9 12 14 16
7 10 11 13 16
8 11 12 13 14
9 10 11 12 15
