1 2 3 4 5
1 2 3 4 6
1 2 3 7 8
1 2 3 9 10
1 2 3 11 12
1 2 3 13 14
1 2 3 15 16
1 4 5 9 15
1 4 7 11 14
1 4 8 10 13
1 4 12 13 16
1 5 6 7 13
1 5 8 11 16
1 5 10 12 14
1 6 8 9 12
1 6 8 14 15
1 6 10 11 16
1 7 9 14 16
1 7 10 12 15
1 9 11 13 15
2 4 5 11 14
2 4 6 13 15
2 4 7 10 12
2 4 8 9 16
2 5 6 10 16
2 5 7 9 15
2 5 8 12 13
2 6 7 8 11
2 6 9 12 14
2 7 13 14 16
2 8 10 14 15
2 9 10 11 13
2 11 12 15 16
3 4 5 7 13
3 4 8 9 11
3 4 8 12 15
3 4 10 14 16
3 5 6 8 14
3 5 9 12 16
3 5 10 11 15
3 6 7 10 12
3 6 7 11 16
3 6 9 13 15
3 7 9 14 15
3 8 10 13 16
3 11 12 13 14
4 5 6 10 12
4 5 7 12 15
4 5 11 14 16
4 6 7 9 13
4 6 8 14 16
4 11 12 14 15
5 6 7 11 15
5 7 8 10 13
5 8 9 13 14
5 9 10 14 15
6 8 11 13 16
6 9 10 11 16
6 10 13 14 15
7 8 9 12 16
7 8 13 15 16
7 10 11 12 13
8 9 11 12 14
9 10 12 15 16
