1 2 3 5 16
1 2 4 6 8
1 2 7 9 11
1 2 10 15 16
1 2 12 13 14
1 3 4 9 15
1 3 5 8 13
1 3 6 14 15
1 3 7 8 12
1 4 5 7 12
1 4 10 12 13
1 4 11 14 16
1 5 6 11 12
1 5 7 9 15
1 5 7 10 14
1 6 7 13 16
1 6 9 13 14
1 7 8 9 14
1 8 9 12 16
1 8 10 11 15
2 3 4 12 16
2 3 5 6 9
2 3 6 8 16
2 3 7 14 16
2 3 9 10 16
2 3 11 13 16
2 4 5 11 15
2 4 7 10 13
2 4 9 10 14
2 4 9 11 12
2 5 6 7 13
2 5 8 10 12
2 5 8 11 14
2 6 7 12 15
2 6 10 11 14
2 8 9 13 15
3 4 5 13 14
3 4 6 7 11
3 4 8 10 11
3 5 7 10 15
3 5 11 12 15
3 6 10 12 13
3 7 9 12 13
3 8 9 11 14
4 5 6 8 9
4 5 6 10 16
4 6 7 12 14
4 6 10 13 15
4 7 8 15 16
4 7 9 13 16
4 8 12 14 15
5 6 8 14 15
5 7 8 11 16
5 9 10 11 13
5 9 12 14 16
5 12 13 15 16
6 7 8 9 10
6 8 11 12 13
6 9 11 15 16
6 9 12 14 16
7 10 11 12 16
7 11 13 14 15
8 10 13 14 16
9 10 12 14 15
