1 2 3 9 16
1 2 4 5 12
1 2 6 14 16
1 2 7 8 10
1 2 7 9 11
1 2 11 13 15
1 3 4 7 15
1 3 5 6 10
1 3 7 11 14
1 3 8 12 13
1 4 6 7 13
1 4 8 9 14
1 4 10 11 16
1 5 7 9 15
1 5 8 11 15
1 5 9 10 13
1 5 13 14 16
1 6 8 15 16
1 6 9 11 12
1 7 9 12 16
1 10 12 14 15
2 3 4 6 11
2 3 5 7 13
2 3 6 10 12
2 3 8 14 15
2 3 11 13 16
2 4 6 8 13
2 4 7 14 16
2 4 9 10 15
2 5 6 8 9
2 5 10 11 14
2 5 10 15 16
2 6 7 12 15
2 8 11 12 16
2 9 12 13 14
3 4 5 8 16
3 4 7 9 12
3 4 10 13 14
3 5 9 14 16
3 5 11 12 15
3 6 7 8 10
3 6 9 13 15
3 6 12 14 16
3 7 10 15 16
3 8 9 10 11
4 5 6 14 15
4 5 8 10 12
4 5 9 11 13
4 6 9 10 16
4 6 11 12 14
4 7 8 11 15
4 12 13 15 16
5 6 7 11 16
5 6 12 13 16
5 7 8 12 14
5 7 13 14 15
6 7 9 10 14
6 8 11 13 14
6 10 11 13 15
7 8 9 13 16
7 10 11 12 13
8 9 10 12 15
8 10 13 14 16
9 11 14 15 16
