1 2 3 4 5
1 2 3 4 6
1 2 3 7 8
1 2 3 9 10
1 2 3 11 12
1 2 3 13 14
1 2 3 15 16
1 4 5 10 16
1 4 6 7 14
1 4 8 12 13
1 4 9 11 15
1 5 6 11 12
1 5 7 13 15
1 5 8 9 14
1 6 8 10 15
1 6 9 13 16
1 7 9 12 16
1 7 10 11 13
1 8 11 14 16
1 10 12 14 15
2 4 5 11 15
2 4 7 12 13
2 4 8 10 14
2 4 9 12 16
2 5 6 9 13
2 5 7 8 16
2 5 10 12 14
2 6 7 10 11
2 6 8 12 15
2 6 11 14 16
2 7 9 14 15
2 8 9 11 13
2 10 13 15 16
3 4 6 9 12
3 4 7 11 13
3 4 8 10 15
3 4 12 14 16
3 5 6 8 14
3 5 7 12 15
3 5 9 13 16
3 5 10 11 14
3 6 7 10 16
3 6 11 13 15
3 7 9 14 15
3 8 9 11 16
3 8 10 12 13
4 5 6 7 11
4 5 6 15 16
4 5 13 14 15
4 6 8 9 15
4 7 9 10 13
4 7 9 15 16
5 6 11 13 16
5 7 8 10 12
5 8 9 10 11
5 9 12 13 15
6 7 12 13 14
6 9 10 14 16
6 10 11 12 13
7 8 11 12 14
7 10 11 14 15
8 9 12 14 16
8 10 11 12 16
8 13 14 15 16
