1 2 3 4 5
1 2 3 4 6
1 2 3 7 8
1 2 3 9 10
1 2 3 11 12
1 2 3 13 14
1 2 3 15 16
1 4 5 7 13
1 4 6 11 12
1 4 8 10 15
1 4 9 14 16
1 5 6 10 16
1 5 8 11 14
1 5 9 12 15
1 6 7 14 15
1 6 8 9 13
1 7 9 11 16
1 7 10 12 14
1 8 12 13 16
1 10 11 13 15
2 4 5 9 11
2 4 7 14 16
2 4 8 10 12
2 4 12 13 15
2 5 6 8 13
2 5 7 12 14
2 5 10 15 16
2 6 7 11 15
2 6 9 12 16
2 6 10 11 14
2 7 9 10 13
2 8 9 14 15
2 8 11 13 16
3 4 5 6 15
3 4 7 11 13
3 4 8 9 12
3 4 10 14 16
3 5 7 10 11
3 5 8 12 14
3 5 9 13 16
3 6 7 9 14
3 6 8 11 16
3 6 10 12 13
3 7 12 15 16
3 8 10 13 15
3 9 11 14 15
4 5 8 10 13
4 5 12 14 16
4 6 7 8 12
4 6 7 9 10
4 6 13 14 16
4 11 14 15 16
5 6 9 11 15
5 6 12 13 14
5 7 8 9 15
5 9 10 13 14
5 10 11 12 16
6 7 13 15 16
6 8 11 12 15
7 8 10 15 16
7 8 11 13 14
7 9 11 12 13
8 9 10 11 16
9 10 12 14 15
