1 2 3 4 5
1 2 3 4 6
1 2 3 7 8
1 2 3 9 10
1 2 3 11 12
1 2 3 13 14
1 2 3 15 16
1 4 5 7 10
1 4 6 11 14
1 4 8 13 15
1 4 9 12 16
1 5 6 13 16
1 5 8 12 14
1 5 9 11 15
1 6 7 8 9
1 6 10 12 15
1 7 11 12 13
1 7 14 15 16
1 8 10 11 16
1 9 10 13 14
2 4 5 8 9
2 4 6 12 13
2 4 7 11 15
2 4 10 14 16
2 5 6 7 10
2 5 11 12 16
2 5 13 14 15
2 6 8 15 16
2 6 9 11 14
2 7 8 12 14
2 7 9 13 16
2 8 10 11 13
2 9 10 12 15
3 4 5 8 16
3 4 7 12 14
3 4 9 11 13
3 4 10 12 15
3 5 6 9 12
3 5 7 10 13
3 5 11 14 15
3 6 7 13 15
3 6 8 10 11
3 6 10 14 16
3 7 9 11 16
3 8 9 14 15
3 8 12 13 16
4 5 6 14 15
4 5 11 12 13
4 6 7 12 16
4 6 9 10 13
4 7 9 13 14
4 8 11 14 16
5 6 7 8 11
5 7 8 10 14
5 7 9 10 16
5 7 10 12 15
5 8 9 13 15
6 8 11 13 14
6 9 12 14 16
6 11 13 15 16
7 8 9 15 16
8 9 10 11 12
10 11 12 14 15
10 12 13 15 16
