1 2 3 4 5
1 2 3 4 6
1 2 3 7 8
1 2 3 9 10
1 2 3 11 12
1 2 3 13 14
1 2 3 15 16
1 4 5 9 13
1 4 6 10 16
1 4 7 11 12
1 4 8 14 15
1 5 6 12 14
1 5 7 8 10
1 5 11 15 16
1 6 7 13 15
1 6 8 9 11
1 7 9 14 16
1 8 12 13 16
1 9 10 12 15
1 10 11 13 14
2 4 5 7 14
2 4 7 10 15
2 4 8 9 12
2 4 11 13 16
2 5 6 10 11
2 5 8 9 16
2 5 12 13 15
2 6 7 12 16
2 6 8 10 13
2 6 9 14 15
2 7 9 11 13
2 8 11 14 15
2 10 12 14 16
3 4 5 11 15
3 4 7 9 16
3 4 7 12 13
3 4 8 10 14
3 5 6 7 14
3 5 8 9 12
3 5 10 13 16
3 6 8 13 15
3 6 9 11 13
3 6 10 12 16
3 7 10 11 15
3 8 11 14 16
3 9 12 14 15
4 5 8 10 16
4 5 9 10 11
4 6 7 11 14
4 6 8 12 13
4 9 13 15 16
4 12 14 15 16
5 6 8 12 15
5 6 13 14 16
5 7 8 13 14
5 7 9 12 15
5 7 10 11 12
6 7 9 10 13
6 8 10 11 15
6 9 11 12 16
7 8 9 10 14
7 8 11 15 16
9 11 12 13 14
10 13 14 15 16
