1 2 3 4 5
1 2 3 4 6
1 2 3 7 8
1 2 3 9 10
1 2 3 11 12
1 2 3 13 14
1 2 3 15 16
1 4 5 9 11
1 4 6 10 12
1 4 7 8 16
1 4 13 14 15
1 5 6 7 14
1 5 8 12 15
1 5 10 13 16
1 6 8 11 13
1 6 9 15 16
1 7 9 12 13
1 7 10 11 15
1 8 9 10 14
1 11 12 14 16
2 4 6 7 10
2 4 8 12 14
2 4 9 12 15
2 4 11 13 16
2 5 6 12 16
2 5 7 11 15
2 5 8 9 13
2 5 10 14 15
2 6 8 13 15
2 6 9 11 14
2 7 9 14 16
2 7 10 12 13
2 8 10 11 16
3 4 5 10 15
3 4 7 9 11
3 4 8 14 15
3 4 12 13 16
3 5 6 7 13
3 5 8 11 16
3 5 9 12 14
3 6 7 12 15
3 6 8 9 16
3 6 10 11 14
3 7 10 14 16
3 8 10 12 13
3 9 11 13 15
4 5 6 8 10
4 5 7 12 14
4 6 9 10 13
4 6 11 14 15
4 7 8 11 13
4 9 14 15 16
5 6 9 10 15
5 7 8 11 14
5 7 13 15 16
5 9 13 14 16
5 10 11 12 13
6 7 8 9 12
6 7 11 12 16
6 8 13 14 16
7 8 9 10 15
8 11 12 15 16
9 10 11 12 16
10 12 13 14 15
