1 2 3 4 5
1 2 3 4 6
1 2 3 7 8
1 2 3 9 10
1 2 3 11 12
1 2 3 13 14
1 2 3 15 16
1 4 5 9 14
1 4 7 11 16
1 4 8 10 13
1 4 12 13 15
1 5 6 8 12
1 5 7 13 16
1 5 10 11 15
1 6 7 9 15
1 6 9 11 13
1 6 10 14 16
1 7 10 12 14
1 8 9 12 16
1 8 11 14 15
2 4 5 12 16
2 4 6 7 8
2 4 9 13 15
2 4 10 11 14
2 5 6 9 10
2 5 7 14 15
2 5 8 11 13
2 6 11 15 16
2 6 12 13 14
2 7 9 11 12
2 7 10 13 16
2 8 9 14 16
2 8 10 12 15
3 4 5 7 10
3 4 7 11 15
3 4 8 12 14
3 4 9 13 16
3 5 6 12 16
3 5 8 13 15
3 5 9 11 14
3 6 7 14 16
3 6 8 9 15
3 6 10 11 13
3 7 9 12 13
3 8 10 11 16
3 10 12 14 15
4 5 6 11 13
4 5 6 14 15
4 6 7 10 12
4 7 9 13 14
4 8 9 11 12
4 8 10 15 16
5 7 8 9 16
5 7 12 15 16
5 8 10 13 14
5 9 10 12 13
5 11 12 14 16
6 7 8 11 14
6 8 12 13 16
6 9 10 14 15
6 9 11 12 15
7 8 10 13 15
7 9 10 11 16
11 13 14 15 16
