1 2 3 4 5
1 2 3 4 6
1 2 3 7 8
1 2 3 9 10
1 2 3 11 12
1 2 3 13 14
1 2 3 15 16
1 4 5 9 13
1 4 6 12 16
1 4 7 10 14
1 4 8 11 15
1 5 6 7 8
1 5 10 12 15
1 5 11 14 16
1 6 9 14 15
1 6 10 11 13
1 7 9 11 16
1 7 12 13 15
1 8 9 12 14
1 8 10 13 16
2 4 5 11 14
2 4 6 8 15
2 4 7 10 13
2 4 9 12 16
2 5 6 10 12
2 5 7 8 9
2 5 13 15 16
2 6 7 14 16
2 6 9 11 13
2 7 11 12 15
2 8 10 11 16
2 8 12 13 14
2 9 10 14 15
3 4 6 9 13
3 4 7 9 15
3 4 8 14 16
3 4 10 11 12
3 5 6 10 16
3 5 7 10 14
3 5 8 9 12
3 5 11 13 15
3 6 7 8 11
3 6 12 14 15
3 7 12 13 16
3 8 10 13 15
3 9 11 14 16
4 5 7 12 14
4 5 8 9 10
4 6 10 15 16
4 6 11 14 15
4 7 11 13 16
4 8 11 12 13
5 6 7 13 15
5 6 8 9 16
5 7 10 11 16
5 9 10 11 15
5 10 12 13 14
6 7 9 10 12
6 8 10 13 14
6 9 11 12 14
7 8 9 13 14
7 8 12 15 16
8 11 14 15 16
9 12 13 15 16
