1 2 3 4 5
1 2 3 4 6
1 2 3 7 8
1 2 3 9 10
1 2 3 11 12
1 2 3 13 14
1 2 3 15 16
1 4 5 6 7
1 4 8 9 11
1 4 10 14 16
1 4 12 13 15
1 5 8 14 15
1 5 9 10 13
1 5 11 12 16
1 6 8 13 16
1 6 9 12 14
1 6 10 11 15
1 7 8 10 12
1 7 9 15 16
1 7 11 13 14
2 4 5 11 14
2 4 6 10 13
2 4 7 8 15
2 4 9 12 16
2 5 6 8 9
2 5 7 12 13
2 5 10 15 16
2 6 7 14 16
2 6 11 12 15
2 7 9 10 11
2 8 10 12 14
2 8 11 13 16
2 9 13 14 15
3 4 6 9 15
3 4 7 9 13
3 4 8 14 16
3 4 10 11 12
3 5 6 10 14
3 5 7 10 16
3 5 8 9 12
3 5 11 13 15
3 6 7 8 11
3 6 12 13 16
3 7 12 14 15
3 8 10 13 15
3 9 11 14 16
4 5 8 10 11
4 5 9 12 14
4 5 13 14 16
4 6 8 12 13
4 7 10 14 15
4 7 11 15 16
5 6 7 13 15
5 6 9 11 16
5 7 8 9 14
5 9 10 12 15
6 7 10 12 16
6 8 9 10 14
6 8 11 12 15
6 10 11 13 14
7 8 10 13 16
7 9 11 12 13
8 9 13 15 16
11 12 14 15 16
