14343
4222991
8441887
16879675
33755251
67506403
135008707
270013315
540022531
14687747
4226051
31759
6332447
545349687
1090691175
2181374151
4362740103
8725472007
1344808455
558902279
10532871
52765
7422013
813842541
9680732365
19361448333
21543011085
10873751053
1379945485
553744397
100153
3833977
939819225
13959201177
19328434969
21476967961
10808757273
1107474457
197617
1900785
470352305
15033500465
25771968049
21613317169
2214934577
393697
917985
236061537
7518422625
26042567777
4429854817
786913
1508289
119801537
3762556097
8859695297
1573873
2852737
63442305
1613248897
3147577
5361409
30423809
6295069
2162177
4209679
14702614
562075686
1124145230
2248284310
4496562470
8993118790
1880104070
564140294
12638726
12613146
24158250
843145290
9735151754
19466101002
21748130314
11279803402
1122510858
22114314
25217842
47792210
478298258
13044564242
17490788882
22088270866
2359314450
314724370
50431458
86933666
755269922
7801963042
28472017954
4456482850
8678330402
100860610
169279810
369689154
12382700610
26082347074
17352446018
201720290
336265858
789709954
5983307906
17520808066
403440562
672498946
228854018
2825146626
806880858
279628290
315118082
548408366
542209026
1895828556
11844717708
23689432348
30198992428
12079598668
1660947596
25271564
551555892
1098391636
2589999252
12958335252
25910379028
22823437332
2774796308
48926740
1635781092
2731278500
5041553700
15728640548
27690796068
5058332708
746885156
3271558340
5455085892
10452206148
3506439236
12633245764
5528653892
6543115236
10906436228
3539993732
12398364804
19638816900
13086229300
5704877316
5058332932
4909469956
10066331292
9278114308
8803881476
1350759428
32212256536
21474838040
32212256312
3321892440
50534040
808456680
9667616936
19531841832
23625499176
27920499752
5539760168
87363624
10468985032
20137247048
22389195336
12633244744
10502539336
1024004168
28991030760
31140807304
12398363784
10234103944
12097491080
23622320952
27918435592
20728252680
28473102600
22582708744
21638484488
10754552840
30064772912
6643780400
101061488
404230352
12886876496
17282122320
24697668688
11074603088
169480272
13287557616
17586913936
21936211088
4244637840
437391504
30066967824
15661533456
14531301648
19395562000
17494577680
21509075984
202117600
6443442848
25820939424
6040619168
337449120
25975424288
4521462048
757338400
6578817568
7059280416
25838253088
3221726528
8883947840
674140480
8963279424
247992896
3358094400
1610869376
282284672
324039808
539096320
1076535296
2821054464
5371502592
27920801792
5371502592
8681463808
2689949696
5176516608
11292467200
27416682496
17940176896
5371502592
10369802240
5371502592
20691722240
10738802688
3576504320
11296645120
5371502592
4493811712
8612306944
17554817024
27989753856
28058927104
17621532672
17495113728
17692770304
7946256384
17494589440
25857179648
11494768640
12671270912
19498975232
17494982656
5371494400
26112393216
20004044800
5060722688
11496882176
14609317888
17696358400
5058330624
