24967
99865
399457
24967
24967
24967
554254987
1083229323
203473555
306267283
143411363
286412963
572672195
1145327811
24967
24967
8599446283
17197212939
2185274131
4364248339
4313065763
2156540195
17251313987
8625860931
24967
4431356557
2420155533
17717306005
9664799893
9129175205
18257948837
2282367173
4564725957
2449556237
4496344333
9672114965
17733600533
18321000741
9160511781
4580329797
2290372933
99865
99865
99865
4000297
58921513
939723337
15032717897
99865
99865
92572713
5936169
23622487113
1476695113
99865
1745127985
27917455921
6982225
109351505
30065101873
1879249969
117640273
7672913
399457
399457
399457
399457
399457
399457
26738730
106954834
4446488974
2425360782
17785948566
9701429654
9135719334
18271438246
2317353926
4634707398
2433376270
4438908942
9733169174
17754644502
18262581286
9144721446
4599144518
2353061958
26738730
86511130
55279642
26738730
26738730
992477258
23710924874
79003674
47191578
26738730
26738730
15077474378
1557135434
106954834
1822949426
30151802930
106954834
106954834
27963949106
1934622770
106954834
106954834
26738730
44571234
80642146
53936226
89136226
106954834
6845104204
27380416564
6845104204
22145928732
14093221916
13559660588
22775070764
6845104204
6845104204
20132888604
12079601180
11601444908
20675297324
6845104204
6845104204
27380416564
27380416564
27380416564
20005257300
22397583444
27380416564
27380416564
12054429780
14234419284
27380416564
11408513636
13690667108
20535738468
22817021028
6845104204
1612187320
25794971448
408946392
6543116120
25771483192
1635893304
503431256
6448848984
404232424
6444425320
428228712
6467623272
1616910576
1711685744
25776496752
25870473584
673712768
1347425408
2718589824
5437154688
8734925696
17469433216
17381779840
8893067648
4850805120
3233870208
673712768
810256000
673712768
865604224
673712768
29532623488
1211467392
1347425408
1301810304
1347425408
31678532736
1347425408
673712768
15438189184
673712768
1323307648
24029695104
1347425408
929041536
1347425408
673712768
1213110400
808917120
1347425408
10779366144
21558725888
10779366144
12960761600
12913740544
10779366144
27590134528
10779366144
19377915648
21558725888
21558725888
19358291200
21558725888
27699188992
7432309504
10779366144
19434834688
10779366144
21558725888
7994348800
21558725888
12992910592
21558725888
12935698688
19403282688
10779366144
21477568000
1384240640
755092992
10742773248
10740447744
713447936
1426480128
21480487936
19332243456
12888383488
19332243456
19332243456
21568987136
27517558784
19332243456
12888383488
10797916160
12888383488
12888383488
27654299648
7384801280
12888383488
12888383488
21598773248
19332243456
7924391936
10853064704
19332243456
19332243456
12888383488
1283768320
855851008
1283768320
1373290496
1283768320
1283768320
29570023424
855851008
855851008
700268544
31759613952
855851008
855851008
15477325824
1450524672
855851008
24109039616
1283768320
1283768320
778747904
855851008
1283768320
