1 2 3 4 5
1 2 3 4 6
1 2 3 7 8
1 2 3 9 10
1 2 3 11 12
1 2 3 13 14
1 2 3 15 16
1 4 5 6 8
1 4 7 9 11
1 4 10 15 16
1 4 12 13 14
1 5 7 14 15
1 5 9 12 16
1 5 10 11 13
1 6 7 10 12
1 6 9 13 15
1 6 11 14 16
1 7 8 13 16
1 8 9 10 14
1 8 11 12 15
2 4 5 7 12
2 4 6 10 13
2 4 8 11 16
2 4 9 14 15
2 5 6 11 15
2 5 8 9 13
2 5 10 14 16
2 6 7 9 16
2 6 8 12 14
2 7 8 10 15
2 7 11 13 14
2 9 10 11 12
2 12 13 15 16
3 4 5 7 16
3 4 8 9 12
3 4 8 13 15
3 4 10 11 14
3 5 6 12 13
3 5 8 11 14
3 5 9 10 15
3 6 7 9 14
3 6 7 11 15
3 6 8 10 16
3 7 10 12 13
3 9 11 13 16
3 12 14 15 16
4 5 9 13 14
4 5 11 12 15
4 6 7 13 15
4 6 11 12 16
4 7 8 10 14
4 9 10 13 16
5 6 7 9 10
5 6 13 14 16
5 7 8 9 11
5 8 10 12 16
5 8 13 14 15
6 8 10 11 13
6 9 11 15 16
6 10 12 14 15
7 8 10 15 16
7 8 12 14 16
7 9 11 12 13
9 11 12 14 15
