1 2 3 4 5
1 2 3 4 6
1 2 3 7 8
1 2 3 9 10
1 2 3 11 12
1 2 3 13 14
1 2 3 15 16
1 4 5 11 16
1 4 6 8 13
1 4 7 10 12
1 4 9 14 15
1 5 6 7 15
1 5 8 12 14
1 5 9 10 13
1 6 9 12 16
1 6 10 11 14
1 7 8 9 11
1 7 13 14 16
1 8 10 15 16
1 11 12 13 15
2 4 5 7 8
2 4 6 15 16
2 4 9 11 13
2 4 10 12 14
2 5 6 9 14
2 5 10 11 15
2 5 12 13 16
2 6 7 11 12
2 6 8 10 13
2 7 9 10 16
2 7 13 14 15
2 8 9 12 15
2 8 11 14 16
3 4 5 10 16
3 4 6 8 15
3 4 7 9 14
3 4 11 12 13
3 5 6 13 14
3 5 7 8 11
3 5 9 12 15
3 6 7 12 16
3 6 9 10 11
3 7 10 13 15
3 8 9 13 16
3 8 10 12 14
3 11 14 15 16
4 5 7 13 14
4 5 12 15 16
4 6 9 10 12
4 7 11 12 16
4 8 9 10 16
4 10 11 13 14
5 6 8 14 15
5 6 10 12 15
5 6 11 13 16
5 7 10 11 14
5 8 9 11 13
6 7 8 9 10
6 7 8 12 13
6 9 14 15 16
7 8 14 15 16
7 9 11 13 15
8 10 11 12 15
9 12 13 14 16
