1 2 3 4 5
1 2 3 4 6
1 2 3 7 8
1 2 3 9 10
1 2 3 11 12
1 2 3 13 14
1 2 3 15 16
1 4 5 7 10
1 4 8 12 13
1 4 9 12 15
1 4 11 14 16
1 5 6 12 14
1 5 8 9 11
1 5 13 15 16
1 6 7 11 15
1 6 8 9 16
1 6 10 11 13
1 7 9 13 14
1 7 10 12 16
1 8 10 14 15
2 4 5 8 15
2 4 6 11 16
2 4 7 12 13
2 4 9 10 14
2 5 6 13 14
2 5 7 9 11
2 5 10 12 16
2 6 7 10 15
2 6 8 9 12
2 7 8 14 16
2 8 10 11 13
2 9 13 15 16
2 11 12 14 15
3 4 5 13 14
3 4 6 12 15
3 4 7 10 11
3 4 8 9 16
3 5 6 7 16
3 5 8 10 12
3 5 9 11 15
3 6 8 11 14
3 6 9 10 13
3 7 8 13 15
3 7 9 12 14
3 10 14 15 16
3 11 12 13 16
4 5 8 12 16
4 5 9 11 13
4 6 7 8 14
4 6 9 10 16
4 8 11 15 16
4 10 11 12 15
5 6 8 9 10
5 7 8 11 12
5 7 9 14 15
5 9 10 13 15
5 9 11 14 16
6 7 9 10 11
6 7 12 15 16
6 8 13 14 15
6 12 13 14 16
7 10 11 13 14
7 10 12 13 14
8 12 13 15 16
