1 2 3 4 5
1 2 3 4 6
1 2 3 7 8
1 2 3 9 10
1 2 3 11 12
1 2 3 13 14
1 2 3 15 16
1 4 5 6 16
1 4 7 8 10
1 4 9 12 13
1 4 11 14 15
1 5 7 11 12
1 5 8 13 15
1 5 9 10 14
1 6 7 9 15
1 6 8 12 14
1 6 10 11 13
1 7 13 14 16
1 8 9 11 16
1 10 12 15 16
2 4 6 7 14
2 4 8 9 16
2 4 9 11 13
2 4 10 12 15
2 5 6 9 12
2 5 7 10 11
2 5 8 13 15
2 5 11 14 16
2 6 8 11 15
2 6 10 13 16
2 7 9 14 15
2 7 12 13 16
2 8 10 12 14
3 4 5 6 10
3 4 7 13 15
3 4 8 11 12
3 4 9 14 16
3 5 7 8 14
3 5 9 11 13
3 5 12 15 16
3 6 7 9 12
3 6 8 13 16
3 6 11 14 15
3 7 10 11 16
3 8 9 10 15
3 10 12 13 14
4 5 6 9 14
4 5 10 11 12
4 6 8 11 15
4 6 9 10 13
4 7 8 12 16
4 8 10 14 16
5 6 7 8 13
5 6 7 15 16
5 6 8 9 11
5 8 10 12 13
5 9 12 14 16
6 7 9 11 15
7 9 10 12 15
7 10 13 14 16
7 11 12 13 14
8 11 13 14 15
9 10 13 15 16
11 12 14 15 16
