1 2 3 4 5
1 2 6 7 8
1 2 9 10 11
1 2 9 15 16
1 2 12 13 14
1 3 6 9 14
1 3 7 10 12
1 3 8 11 16
1 3 12 13 15
1 4 5 11 14
1 4 6 10 13
1 4 7 9 15
1 4 8 12 16
1 5 6 11 12
1 5 6 15 16
1 5 7 14 16
1 5 8 9 13
1 7 11 13 15
1 8 10 14 15
1 9 12 13 16
2 3 6 10 15
2 3 6 11 14
2 3 7 9 13
2 3 9 12 16
2 4 6 9 13
2 4 6 12 16
2 4 7 11 14
2 4 8 10 14
2 4 8 13 15
2 4 13 14 16
2 5 7 12 15
2 5 8 10 16
2 5 8 11 13
2 5 9 10 14
2 6 8 10 12
2 7 9 10 16
2 11 12 15 16
3 4 5 6 7
3 4 8 9 10
3 4 11 12 13
3 4 14 15 16
3 5 8 12 14
3 5 9 11 15
3 5 10 13 16
3 6 8 12 13
3 6 10 11 14
3 7 8 15 16
4 5 6 7 8
4 5 7 12 13
4 5 9 11 16
4 5 10 12 15
4 6 8 11 15
4 6 9 12 14
4 7 10 11 16
5 6 7 9 10
5 6 13 14 15
6 7 11 13 16
6 7 12 14 15
6 8 9 14 16
7 8 9 11 12
7 8 10 13 14
9 10 12 13 15
9 11 13 14 15
10 11 12 14 16
