1 2 3 4 5
1 2 3 4 6
1 2 3 7 8
1 2 3 9 10
1 2 3 11 12
1 2 3 13 14
1 2 3 15 16
1 4 5 7 9
1 4 8 12 16
1 4 9 13 15
1 4 10 11 14
1 5 6 10 16
1 5 8 14 15
1 5 11 12 13
1 6 7 11 15
1 6 8 10 13
1 6 9 12 14
1 7 10 12 15
1 7 13 14 16
1 8 9 11 16
2 4 5 10 13
2 4 6 11 16
2 4 7 8 15
2 4 9 12 14
2 5 6 8 9
2 5 7 11 14
2 5 12 15 16
2 6 7 10 12
2 6 13 14 15
2 7 9 13 16
2 8 10 14 16
2 8 11 12 13
2 9 10 11 15
3 4 5 14 16
3 4 6 9 11
3 4 7 12 15
3 4 8 10 13
3 5 6 12 13
3 5 7 10 11
3 5 8 9 15
3 6 7 8 16
3 6 10 14 15
3 7 9 13 14
3 8 11 12 14
3 9 10 12 16
3 11 13 15 16
4 5 11 12 15
4 5 11 14 15
4 6 7 14 16
4 7 10 11 13
4 9 10 15 16
4 11 12 13 16
5 6 7 15 16
5 6 8 11 14
5 7 8 10 12
5 7 8 13 16
5 9 10 13 14
6 8 9 12 15
6 8 11 13 14
6 9 10 11 12
6 9 12 13 16
7 8 9 10 14
7 8 10 13 15
9 12 14 15 16
