1 2 3 8 16
1 2 4 7 16
1 2 5 6 16
1 2 9 10 16
1 2 11 12 16
1 2 13 14 16
1 2 14 15 16
1 3 4 6 16
1 3 5 7 16
1 3 9 11 16
1 3 10 12 16
1 3 13 15 16
1 3 14 15 16
1 4 5 8 16
1 4 9 12 16
1 4 10 11 16
1 4 13 15 16
1 4 14 15 16
1 5 9 13 16
1 5 10 14 16
1 5 11 15 16
1 5 12 15 16
1 6 7 8 16
1 6 9 14 16
1 6 10 13 16
1 6 11 15 16
1 6 12 15 16
1 7 9 15 16
1 7 10 15 16
1 7 11 13 16
1 7 12 14 16
1 8 9 15 16
1 8 10 15 16
1 8 11 14 16
1 8 12 13 16
2 3 4 5 16
2 3 6 7 16
2 3 9 12 16
2 3 10 11 16
2 3 13 15 16
2 3 14 15 16
2 4 6 8 16
2 4 9 11 16
2 4 10 12 16
2 4 13 15 16
2 4 14 15 16
2 5 7 8 16
2 5 9 14 16
2 5 10 13 16
2 5 11 15 16
2 5 12 15 16
2 6 9 13 16
2 6 10 14 16
2 6 11 15 16
2 6 12 15 16
2 7 9 15 16
2 7 10 15 16
2 7 11 14 16
2 7 12 13 16
2 8 9 15 16
2 8 10 15 16
2 8 11 13 16
2 8 12 14 16
3 4 7 8 16
3 4 9 10 16
3 4 11 12 16
3 4 13 14 16
3 4 14 15 16
3 5 6 8 16
3 5 9 15 16
3 5 10 15 16
3 5 11 13 16
3 5 12 14 16
3 6 9 15 16
3 6 10 15 16
3 6 11 14 16
3 6 12 13 16
3 7 9 13 16
3 7 10 14 16
3 7 11 15 16
3 7 12 15 16
3 8 9 14 16
3 8 10 13 16
3 8 11 15 16
3 8 12 15 16
4 5 6 7 16
4 5 9 15 16
4 5 10 15 16
4 5 11 14 16
4 5 12 13 16
4 6 9 15 16
4 6 10 15 16
4 6 11 13 16
4 6 12 14 16
4 7 9 14 16
4 7 10 13 16
4 7 11 15 16
4 7 12 15 16
4 8 9 13 16
4 8 10 14 16
4 8 11 15 16
4 8 12 15 16
5 6 9 10 16
5 6 11 12 16
5 6 13 14 16
5 6 14 15 16
5 7 9 11 16
5 7 10 12 16
5 7 13 15 16
5 7 14 15 16
5 8 9 12 16
5 8 10 11 16
5 8 13 15 16
5 8 14 15 16
6 7 9 12 16
6 7 10 11 16
6 7 13 15 16
6 7 14 15 16
6 8 9 11 16
6 8 10 12 16
6 8 13 15 16
6 8 14 15 16
7 8 9 10 16
7 8 11 12 16
7 8 13 14 16
7 8 14 15 16
9 10 11 12 16
9 10 13 14 16
9 10 14 15 16
9 11 13 15 16
9 11 14 15 16
9 12 13 15 16
9 12 14 15 16
10 11 13 15 16
10 11 14 15 16
10 12 13 15 16
10 12 14 15 16
11 12 13 14 16
11 12 14 15 16
12 13 14 15 16
