1 2 3 4 5
1 2 3 4 6
1 2 3 7 8
1 2 3 9 10
1 2 3 11 12
1 2 3 13 14
1 2 3 15 16
1 4 5 10 11
1 4 7 11 14
1 4 8 9 16
1 4 12 13 15
1 5 6 14 16
1 5 7 9 15
1 5 8 12 13
1 6 7 10 13
1 6 8 11 15
1 6 9 12 14
1 7 10 12 16
1 8 10 14 15
1 9 11 13 16
2 4 6 10 11
2 4 7 11 14
2 4 8 9 16
2 4 12 13 15
2 5 6 14 16
2 5 7 10 13
2 5 8 11 15
2 5 9 12 14
2 6 7 9 15
2 6 8 12 13
2 7 10 12 16
2 8 10 14 15
2 9 11 13 16
3 4 6 10 11
3 4 7 11 14
3 4 8 9 16
3 4 12 13 15
3 5 6 14 16
3 5 7 10 13
3 5 8 11 15
3 5 9 12 14
3 6 7 9 15
3 6 8 12 13
3 7 10 12 16
3 8 10 14 15
3 9 11 13 16
4 5 6 7 8
4 5 6 7 16
4 5 6 15 16
4 5 8 11 14
4 5 14 15 16
4 13 14 15 16
5 6 7 8 9
5 6 7 9 10
6 7 8 9 10
6 9 11 12 15
7 8 9 10 11
7 10 13 14 16
8 9 10 11 12
8 12 13 15 16
9 10 11 12 13
10 11 12 13 14
11 12 13 14 15
12 13 14 15 16
