1 2 3 13 14
1 2 4 6 12
1 2 5 7 9
1 2 8 10 14
1 2 11 15 16
1 3 4 5 15
1 3 5 6 7
1 3 6 8 9
1 3 7 10 16
1 3 11 12 14
1 4 7 14 16
1 4 8 13 16
1 4 9 10 11
1 5 8 11 14
1 5 9 12 16
1 5 10 12 13
1 6 7 11 13
1 6 10 15 16
1 7 8 12 15
1 9 13 14 15
2 3 4 9 16
2 3 5 8 12
2 3 6 10 11
2 3 7 14 15
2 4 5 9 13
2 4 7 10 13
2 4 8 14 15
2 5 6 13 15
2 5 7 11 12
2 5 10 14 16
2 6 7 8 16
2 6 9 11 14
2 8 9 11 13
2 9 10 12 15
2 12 13 14 16
3 4 6 13 14
3 4 7 8 11
3 4 10 12 15
3 5 9 10 14
3 5 11 13 16
3 6 8 14 16
3 6 9 11 15
3 6 12 15 16
3 7 9 12 13
3 8 10 13 15
4 5 6 8 10
4 5 6 11 16
4 5 7 12 16
4 6 7 9 15
4 7 13 15 16
4 8 9 12 14
4 10 11 13 14
4 11 12 13 15
5 6 12 14 15
5 7 8 13 14
5 7 10 11 15
5 8 9 15 16
6 7 10 12 14
6 8 11 12 13
6 8 11 14 15
6 9 10 13 16
7 8 9 10 12
7 9 11 14 16
8 10 11 12 16
