1 2 3 4 13
1 2 5 9 13
1 2 6 7 16
1 2 8 10 11
1 2 12 14 15
1 3 5 13 16
1 3 6 11 14
1 3 7 10 12
1 3 8 9 15
1 4 5 11 12
1 4 6 9 10
1 4 7 9 14
1 4 8 14 16
1 4 10 15 16
1 5 6 8 12
1 5 7 11 15
1 5 10 13 14
1 6 11 13 15
1 7 8 12 13
1 9 11 12 16
2 3 4 9 16
2 3 5 11 12
2 3 6 10 15
2 3 7 8 14
2 4 5 6 14
2 4 5 7 10
2 4 8 9 12
2 4 9 11 15
2 5 8 15 16
2 6 7 11 12
2 6 8 9 13
2 7 9 13 15
2 9 10 14 16
2 10 12 13 16
2 11 13 14 16
3 4 5 8 10
3 4 5 14 15
3 4 6 8 11
3 4 7 12 15
3 5 6 7 9
3 6 8 12 16
3 7 11 15 16
3 8 13 14 15
3 9 10 11 13
3 9 12 13 14
4 5 9 13 16
4 6 7 8 15
4 6 12 13 16
4 7 11 13 16
4 8 10 13 15
4 10 11 12 14
5 6 10 11 16
5 6 12 13 15
5 7 8 11 13
5 7 12 14 16
5 8 9 11 14
5 9 10 12 15
6 7 9 11 12
6 7 10 13 14
6 8 10 12 14
6 9 14 15 16
7 8 9 10 16
7 10 11 14 15
8 11 12 15 16
