1 2 3 8 12
1 2 4 5 16
1 2 4 6 13
1 2 5 9 10
1 2 6 14 15
1 2 7 10 16
1 3 5 11 15
1 3 6 8 10
1 3 7 13 14
1 3 9 12 16
1 4 7 12 15
1 4 8 9 14
1 4 10 11 14
1 5 6 12 14
1 5 7 8 13
1 6 7 9 11
1 8 11 15 16
1 9 13 15 16
1 10 11 12 13
2 3 4 9 15
2 3 5 12 13
2 3 6 7 12
2 3 9 11 14
2 3 10 11 16
2 4 5 7 14
2 4 8 10 15
2 4 9 11 12
2 5 6 8 11
2 6 10 12 16
2 7 11 13 15
2 8 9 13 16
2 8 10 13 14
2 12 14 15 16
3 4 5 10 12
3 4 6 11 14
3 4 7 8 11
3 4 7 15 16
3 4 11 13 16
3 5 6 9 16
3 5 8 14 16
3 6 8 13 15
3 7 9 10 13
3 10 12 14 15
4 5 6 13 15
4 5 9 11 13
4 6 7 10 13
4 6 8 12 16
4 9 10 14 16
4 12 13 14 15
5 6 7 10 14
5 7 9 14 15
5 7 11 12 16
5 8 9 12 15
5 10 13 15 16
6 7 8 15 16
6 9 10 11 15
6 9 12 13 14
6 11 13 14 16
7 8 9 10 12
7 8 12 13 14
7 9 11 14 16
8 11 12 14 15
