1 2 3 7 9
1 2 3 10 13
1 2 4 6 12
1 2 4 9 16
1 2 5 8 14
1 2 11 15 16
1 3 4 5 11
1 3 4 12 15
1 3 6 13 16
1 3 8 14 15
1 4 7 8 13
1 4 10 14 15
1 5 7 12 16
1 5 9 14 16
1 5 10 13 15
1 6 7 10 11
1 6 7 14 15
1 6 8 9 15
1 8 9 10 11
1 8 10 12 16
1 9 12 13 14
2 3 4 8 10
2 3 4 11 14
2 3 5 6 15
2 3 12 13 16
2 4 5 15 16
2 4 7 13 14
2 5 7 10 16
2 5 9 11 13
2 5 10 11 12
2 6 8 9 13
2 6 10 13 15
2 6 11 14 16
2 7 8 11 12
2 7 8 15 16
2 9 10 14 15
3 4 6 7 16
3 4 9 13 14
3 5 7 10 14
3 5 8 9 12
3 5 8 13 16
3 6 8 11 13
3 6 9 11 12
3 6 10 12 14
3 7 11 14 16
3 7 12 13 15
3 10 11 15 16
4 5 6 9 10
4 5 6 13 14
4 5 7 12 14
4 6 8 11 15
4 7 9 10 12
4 7 9 11 15
4 8 9 14 16
4 8 12 13 15
4 11 12 13 16
5 6 7 12 13
5 6 8 11 16
5 7 8 10 15
5 11 12 14 15
6 7 8 9 14
6 9 12 15 16
7 9 10 13 16
8 10 11 13 14
