1 2 3 5 9
1 2 4 8 12
1 2 6 9 11
1 2 7 13 16
1 2 10 13 15
1 3 4 7 11
1 3 6 12 14
1 3 8 10 16
1 4 5 10 12
1 4 6 15 16
1 4 9 14 16
1 5 6 8 13
1 5 7 12 15
1 5 9 11 16
1 6 7 9 10
1 7 8 14 15
1 8 9 11 15
1 8 12 14 16
1 9 11 12 13
1 10 11 13 14
2 3 4 6 10
2 3 7 10 12
2 3 8 13 14
2 3 11 14 16
2 4 5 11 13
2 4 7 9 15
2 5 6 7 14
2 5 8 15 16
2 5 9 13 15
2 5 10 12 16
2 6 8 9 16
2 6 10 12 13
2 7 8 10 11
2 9 10 12 14
2 11 12 14 15
3 4 5 14 15
3 4 8 9 11
3 4 12 13 15
3 5 6 13 16
3 5 7 10 13
3 5 8 11 12
3 6 7 8 15
3 6 9 11 13
3 6 10 14 16
3 7 9 11 14
3 9 10 11 15
3 9 12 15 16
4 5 6 9 12
4 5 7 8 16
4 6 7 13 14
4 6 8 11 14
4 7 10 12 14
4 7 11 13 15
4 8 10 12 15
4 9 10 13 16
4 10 11 12 16
5 6 10 11 15
5 8 9 10 14
5 12 13 14 16
6 7 11 12 16
6 9 13 14 15
7 8 9 12 13
7 10 14 15 16
8 11 13 15 16
