1 2 3 5 15
1 2 4 8 14
1 2 7 10 16
1 2 9 11 12
1 3 4 10 12
1 3 6 11 15
1 3 7 8 13
1 3 9 14 16
1 4 6 10 14
1 4 7 9 13
1 4 11 15 16
1 5 6 7 11
1 5 9 10 16
1 5 12 13 14
1 6 8 9 15
1 6 12 13 16
1 7 12 14 15
1 8 10 11 16
1 10 11 13 15
2 3 4 6 16
2 3 8 9 11
2 3 10 12 13
2 4 5 11 13
2 4 7 12 16
2 4 9 10 15
2 5 7 11 15
2 5 8 10 14
2 5 9 12 16
2 6 7 8 12
2 6 9 10 11
2 6 13 14 15
2 7 9 13 14
2 8 13 15 16
2 11 12 14 16
3 4 5 7 9
3 4 11 13 14
3 5 6 12 14
3 5 8 9 13
3 5 10 11 16
3 6 8 12 16
3 6 9 10 13
3 7 10 11 12
3 7 14 15 16
3 8 10 14 15
3 9 12 13 15
4 5 6 8 10
4 5 12 14 15
4 6 7 13 15
4 6 9 11 12
4 7 10 11 14
4 8 9 15 16
4 8 11 12 13
4 10 13 14 16
5 6 13 15 16
5 7 8 14 16
5 7 10 12 13
5 8 11 12 15
5 9 11 14 15
6 7 9 14 16
6 8 11 13 14
6 10 12 15 16
7 8 9 10 15
7 9 11 13 16
8 9 10 12 14
