1 2 3 5 15
1 2 3 7 11
1 2 4 8 14
1 2 6 8 10
1 2 6 13 16
1 2 9 12 13
1 3 4 5 13
1 3 6 12 14
1 3 7 8 13
1 3 9 10 16
1 4 5 11 16
1 4 6 9 15
1 4 7 10 12
1 5 6 7 11
1 5 7 8 9
1 5 8 12 15
1 5 9 11 14
1 5 10 13 15
1 7 14 15 16
1 8 11 12 16
1 10 11 13 14
2 3 4 6 16
2 3 4 8 12
2 3 7 9 14
2 3 10 13 14
2 4 5 6 14
2 4 7 13 15
2 4 9 10 11
2 5 6 9 12
2 5 7 10 16
2 5 8 11 13
2 6 7 8 12
2 6 10 12 15
2 6 11 14 16
2 8 9 15 16
2 11 12 14 15
3 4 5 7 9
3 4 8 10 15
3 4 11 14 15
3 5 6 7 15
3 5 8 14 16
3 5 10 11 12
3 6 7 10 13
3 6 8 9 11
3 7 9 12 15
3 7 11 13 16
3 12 13 15 16
4 5 6 8 10
4 5 12 15 16
4 6 7 8 16
4 6 11 12 13
4 7 8 11 14
4 8 9 12 14
4 8 10 13 16
4 9 13 14 16
5 6 9 13 16
5 7 12 13 14
5 9 10 14 15
6 7 9 10 14
6 8 13 14 15
6 10 11 15 16
7 8 10 11 15
7 9 11 12 16
8 9 10 12 13
