1 2 3 9 14
1 2 4 10 13
1 2 5 8 16
1 2 6 7 15
1 3 4 11 16
1 3 5 10 15
1 3 6 9 13
1 3 7 12 13
1 3 8 11 15
1 4 5 6 12
1 4 5 9 15
1 4 7 8 9
1 4 8 12 14
1 5 7 11 14
1 5 8 11 13
1 6 8 10 14
1 6 9 10 11
1 6 13 14 16
1 7 9 12 16
1 7 10 14 15
1 10 12 15 16
2 3 4 12 15
2 3 5 6 11
2 3 6 10 16
2 3 7 8 10
2 3 7 11 13
2 4 5 10 14
2 4 6 9 16
2 4 7 12 16
2 4 8 11 14
2 5 7 9 13
2 5 9 10 12
2 5 13 14 15
2 6 7 12 14
2 6 8 12 13
2 8 9 13 16
2 8 10 11 15
2 9 11 15 16
3 4 5 8 13
3 4 6 7 14
3 5 7 9 16
3 5 10 11 14
3 5 12 13 16
3 6 7 9 15
3 6 8 12 16
3 8 9 11 12
3 8 14 15 16
3 10 12 13 14
4 5 7 11 15
4 5 8 10 16
4 6 8 10 15
4 6 9 12 13
4 6 11 14 15
4 7 10 11 12
4 7 13 15 16
4 9 11 13 14
5 6 7 10 13
5 6 8 9 14
5 7 8 12 15
5 11 12 14 16
6 7 8 11 16
6 11 12 13 15
7 9 10 14 16
8 9 10 13 15
