1 2 3 9 14
1 2 4 10 13
1 2 5 8 16
1 2 6 7 15
1 3 4 11 16
1 3 5 10 15
1 3 7 12 13
1 3 9 10 16
1 3 11 12 14
1 4 5 6 12
1 4 7 8 9
1 5 7 11 14
1 6 9 10 11
1 6 13 14 16
1 8 10 12 14
1 8 11 13 15
1 9 12 13 15
1 12 14 15 16
2 3 4 12 15
2 3 5 6 11
2 3 7 8 10
2 4 6 9 16
2 4 8 11 14
2 4 9 10 15
2 4 11 12 13
2 5 9 10 12
2 5 13 14 15
2 6 8 12 13
2 7 9 11 13
2 7 12 14 16
2 10 11 14 16
2 11 13 15 16
3 4 5 8 13
3 4 6 7 14
3 5 7 9 16
3 6 9 13 15
3 6 10 12 16
3 8 9 11 12
3 8 14 15 16
3 10 11 13 15
3 10 13 14 16
4 5 9 11 15
4 5 10 14 16
4 6 8 10 15
4 7 10 11 12
4 7 13 15 16
4 9 12 14 16
4 9 13 14 15
5 6 7 10 13
5 6 8 9 14
5 7 8 12 15
5 7 10 15 16
5 7 12 13 14
5 9 11 13 16
5 10 11 12 16
6 7 8 11 16
6 8 9 15 16
6 8 11 13 14
6 9 11 12 15
6 10 12 14 15
7 9 10 12 14
7 9 11 14 15
8 9 10 11 13
8 10 12 13 16
