1 2 3 5 9
1 2 3 6 16
1 2 8 15 16
1 2 9 10 11
1 2 12 13 14
1 3 4 6 15
1 3 4 7 8
1 3 7 14 16
1 3 10 13 15
1 4 5 8 9
1 4 5 11 13
1 4 7 12 14
1 5 8 10 14
1 5 12 15 16
1 6 7 8 9
1 6 8 11 12
1 6 10 12 13
1 7 10 14 15
1 7 11 13 15
1 9 11 14 16
2 3 4 10 16
2 3 4 12 13
2 3 6 11 13
2 3 8 10 15
2 4 6 7 13
2 4 7 10 11
2 4 8 9 14
2 5 6 10 14
2 5 6 11 15
2 5 7 13 16
2 5 8 10 12
2 6 7 12 14
2 7 8 11 14
2 7 9 15 16
2 9 11 12 15
3 4 5 8 13
3 4 9 11 15
3 5 6 7 10
3 5 11 12 14
3 6 8 9 11
3 6 9 12 16
3 7 8 12 15
3 7 13 14 15
3 9 10 12 14
3 11 13 14 16
4 5 6 7 16
4 5 6 12 15
4 5 14 15 16
4 6 9 10 16
4 6 10 11 14
4 8 11 15 16
4 10 12 14 15
4 11 12 13 16
5 7 9 11 14
5 7 9 12 13
5 8 10 11 16
5 8 13 14 16
5 9 10 13 15
6 8 10 13 16
6 8 13 14 15
6 9 13 14 15
7 8 9 10 13
7 10 11 12 16
8 9 12 13 16
