1 2 4 11 12
1 2 5 9 13
1 2 5 14 15
1 2 6 11 13
1 2 7 8 15
1 2 9 10 16
1 3 4 8 10
1 3 5 7 12
1 3 6 11 14
1 3 7 11 15
1 3 9 10 14
1 3 13 15 16
1 4 5 7 16
1 4 6 13 14
1 4 8 9 15
1 5 6 8 10
1 6 12 15 16
1 7 8 10 13
1 7 9 14 16
1 8 10 11 12
1 9 12 13 14
2 3 4 7 16
2 3 5 10 11
2 3 8 13 14
2 3 9 12 15
2 3 10 12 13
2 4 5 6 8
2 4 8 9 13
2 4 10 14 15
2 5 9 11 16
2 6 7 12 14
2 6 8 11 16
2 6 9 10 12
2 7 10 12 15
2 7 13 14 16
3 4 5 14 15
3 4 6 8 12
3 4 9 11 13
3 5 6 7 13
3 5 8 9 16
3 6 7 8 9
3 6 10 14 16
3 11 12 15 16
4 5 10 11 12
4 5 10 13 16
4 6 7 9 10
4 6 11 15 16
4 7 8 11 14
4 7 12 13 15
4 9 12 14 16
5 6 9 11 14
5 6 9 12 15
5 7 8 12 14
5 7 10 15 16
5 8 11 13 15
5 11 12 13 14
6 7 10 11 15
6 8 12 13 16
6 9 10 13 15
7 8 9 11 16
7 9 10 11 13
8 9 11 14 15
8 10 12 14 16
8 10 13 14 15
