1 2 3 7 16
1 2 4 13 15
1 2 5 11 14
1 2 6 8 12
1 2 9 10 13
1 3 4 5 8
1 3 5 12 15
1 3 6 9 10
1 3 11 13 14
1 4 6 7 11
1 4 9 10 15
1 4 12 14 16
1 5 6 13 16
1 5 7 9 10
1 6 7 14 15
1 7 8 12 13
1 8 9 10 14
1 8 11 15 16
1 9 10 11 12
1 9 10 15 16
2 3 4 6 11
2 3 5 13 14
2 3 8 9 11
2 3 10 12 15
2 4 5 9 14
2 4 7 9 12
2 4 8 10 16
2 5 6 10 14
2 5 7 12 14
2 5 8 14 15
2 5 13 14 16
2 6 7 8 13
2 6 9 15 16
2 7 10 11 15
2 11 12 13 16
3 4 7 10 14
3 4 8 12 15
3 4 9 13 16
3 5 6 7 9
3 5 10 11 16
3 6 8 14 16
3 6 12 13 15
3 7 8 10 13
3 7 11 12 15
3 8 12 15 16
3 9 12 14 15
4 5 6 11 12
4 5 7 15 16
4 5 10 12 13
4 6 8 9 11
4 6 10 11 13
4 6 11 12 16
4 6 11 14 15
4 7 8 13 14
4 7 8 13 16
5 6 8 10 15
5 7 8 11 13
5 8 9 12 16
5 9 11 13 15
6 7 10 12 16
6 9 12 13 14
7 8 9 13 15
7 9 11 14 16
8 10 11 12 14
10 13 14 15 16
