01 02 03 07 14
01 02 04 10 16
01 02 05 08 09
01 02 06 13 17
01 02 11 12 15
01 03 04 06 12
01 03 05 10 13
01 03 08 11 16
01 03 09 15 17
01 04 05 14 15
01 04 07 08 17
01 04 09 11 13
01 05 06 07 11
01 05 12 16 17
01 06 08 10 15
01 06 09 14 16
01 07 09 10 12
01 07 13 15 16
01 08 12 13 14
01 10 11 14 17
02 03 04 08 15
02 03 05 11 17
02 03 06 09 10
02 03 12 13 16
02 04 05 07 13
02 04 06 11 14
02 04 09 12 17
02 05 06 15 16
02 05 10 12 14
02 06 07 08 12
02 07 09 11 16
02 07 10 15 17
02 08 10 11 13
02 08 14 16 17
02 09 13 14 15
03 04 05 09 16
03 04 07 10 11
03 04 13 14 17
03 05 06 08 14
03 05 07 12 15
03 06 07 16 17
03 06 11 13 15
03 07 08 09 13
03 08 10 12 17
03 09 11 12 14
03 10 14 15 16
04 05 06 10 17
04 05 08 11 12
04 06 07 09 15
04 06 08 13 16
04 07 12 14 16
04 08 09 10 14
04 10 12 13 15
04 11 15 16 17
05 06 09 12 13
05 07 08 10 16
05 07 09 14 17
05 08 13 15 17
05 09 10 11 15
05 11 13 14 16
06 07 10 13 14
06 08 09 11 17
06 10 11 12 16
06 12 14 15 17
07 08 11 14 15
07 11 12 13 17
08 09 12 15 16
09 10 13 16 17
