1 2 3 7 13
1 2 3 14 16
1 2 4 7 8
1 2 5 11 12
1 2 9 10 15
1 3 4 9 12
1 3 5 7 15
1 3 6 10 13
1 4 5 10 11
1 4 5 13 14
1 4 6 8 15
1 5 6 7 16
1 5 8 9 15
1 6 9 11 14
1 6 11 12 16
1 7 9 10 12
1 7 11 13 14
1 8 9 13 16
1 8 10 14 16
1 12 13 14 15
2 3 4 5 8
2 3 8 11 15
2 3 10 12 15
2 4 5 10 16
2 4 6 14 16
2 4 7 15 16
2 4 9 11 16
2 4 12 13 16
2 5 6 13 15
2 5 7 9 14
2 6 7 10 11
2 6 8 9 12
2 6 12 14 15
2 8 11 13 14
2 9 10 13 14
3 4 6 11 13
3 4 8 9 14
3 4 12 15 16
3 5 6 12 14
3 5 9 13 16
3 5 10 14 15
3 6 7 9 15
3 6 8 10 16
3 7 8 10 11
3 7 11 14 16
3 9 11 12 13
4 5 6 9 10
4 5 7 10 12
4 6 7 9 13
4 7 11 12 14
4 8 10 13 15
4 10 11 14 15
5 6 8 11 16
5 7 8 12 13
5 7 9 11 15
5 8 10 12 14
5 11 13 15 16
6 7 8 13 14
6 10 12 13 15
7 8 12 15 16
7 10 13 14 16
8 9 11 12 15
8 9 14 15 16
9 10 11 12 16
