1 2 3 4 6
1 2 3 4 8
1 2 3 5 11
1 2 3 7 16
1 2 3 9 15
1 2 3 10 14
1 2 3 12 13
1 4 5 6 7
1 4 5 8 9
1 4 6 12 15
1 4 7 11 14
1 4 10 13 16
1 5 10 12 14
1 5 11 15 16
1 6 9 10 11
1 6 9 14 16
1 6 13 14 15
1 7 8 10 15
1 7 9 12 13
1 8 11 12 13
2 4 5 10 15
2 4 6 11 16
2 4 7 8 13
2 4 9 12 14
2 5 6 7 14
2 5 9 13 16
2 6 8 9 15
2 6 10 12 13
2 7 9 10 11
2 7 11 12 15
2 8 10 14 16
2 8 11 12 16
2 11 13 14 15
3 4 5 14 16
3 4 7 10 12
3 4 8 11 15
3 5 6 7 13
3 5 8 10 13
3 5 9 12 15
3 6 8 12 16
3 6 10 15 16
3 6 11 12 14
3 7 8 9 14
3 7 11 13 16
3 9 10 11 13
3 13 14 15 16
4 5 8 12 16
4 5 11 12 13
4 6 8 10 14
4 7 9 15 16
4 9 10 11 12
4 9 13 14 15
5 6 7 8 11
5 6 7 8 12
5 6 7 9 15
5 6 7 10 16
5 8 13 14 15
5 9 10 11 14
6 8 9 13 16
7 8 12 14 16
7 10 13 14 15
8 9 10 11 15
9 10 11 12 16
12 13 14 15 16
