1 2 3 10 11
1 2 4 9 16
1 2 5 8 15
1 2 6 11 14
1 2 7 8 9
1 2 12 13 15
1 3 4 7 14
1 3 4 8 13
1 3 5 11 16
1 3 6 9 12
1 3 12 14 15
1 4 5 11 12
1 4 6 9 15
1 4 10 12 16
1 5 6 7 11
1 5 6 10 13
1 5 9 10 14
1 6 8 14 16
1 7 8 10 12
1 7 13 15 16
1 8 10 11 15
1 9 11 13 14
2 3 4 13 15
2 3 5 6 8
2 3 7 9 10
2 3 12 14 16
2 4 5 7 14
2 4 6 10 12
2 4 8 11 16
2 5 8 9 12
2 5 9 11 13
2 5 10 15 16
2 6 7 13 16
2 6 9 14 15
2 7 11 12 15
2 8 10 13 14
3 4 5 10 15
3 4 6 7 16
3 4 9 11 12
3 5 6 9 14
3 5 7 12 13
3 6 8 10 12
3 6 11 13 15
3 7 8 11 14
3 8 9 15 16
3 10 13 14 16
4 5 6 8 11
4 5 9 13 16
4 6 12 13 14
4 7 8 12 15
4 7 10 11 13
4 8 9 10 14
4 11 14 15 16
5 6 12 15 16
5 7 8 10 16
5 7 9 11 15
5 8 13 14 15
5 10 11 12 14
6 7 8 9 13
6 7 10 14 15
6 9 10 11 16
7 9 12 14 16
8 11 12 13 16
9 10 12 13 15
