1 2 3 5 16
1 2 4 7 12
1 2 8 9 11
1 2 8 13 14
1 2 10 13 15
1 3 6 8 14
1 3 6 10 11
1 3 7 9 13
1 3 8 12 15
1 4 5 11 13
1 4 6 9 15
1 4 7 10 14
1 4 8 10 16
1 5 6 7 8
1 5 9 10 12
1 5 13 14 15
1 6 10 14 16
1 6 12 13 16
1 7 11 15 16
1 9 11 12 14
2 3 4 14 15
2 3 5 11 13
2 3 6 9 12
2 3 7 8 10
2 4 5 6 10
2 4 9 13 16
2 4 11 12 15
2 5 6 12 14
2 5 7 9 15
2 5 8 12 13
2 6 7 11 13
2 6 8 15 16
2 7 9 14 16
2 10 11 12 16
2 10 11 13 14
3 4 5 8 9
3 4 6 7 16
3 4 10 12 13
3 4 11 14 16
3 5 6 13 15
3 5 7 11 12
3 5 9 10 14
3 7 9 11 15
3 7 12 13 14
3 8 11 13 16
3 9 10 15 16
4 5 8 14 16
4 5 12 15 16
4 6 8 11 12
4 6 9 13 14
4 7 8 13 15
4 7 9 10 11
4 8 10 12 14
5 6 9 11 16
5 7 8 11 14
5 7 10 13 16
5 8 10 11 15
6 7 10 12 15
6 7 11 14 15
6 8 9 10 13
7 8 9 12 16
8 9 10 14 15
9 11 12 13 15
12 13 14 15 16
