1 2 3 6 7
1 2 4 9 14
1 2 5 11 15
1 2 5 12 13
1 2 8 10 16
1 3 4 11 16
1 3 5 8 12
1 3 8 10 11
1 3 13 14 15
1 4 5 7 10
1 4 6 12 15
1 4 8 13 16
1 5 6 9 16
1 6 8 11 14
1 6 9 10 13
1 7 8 9 15
1 7 10 12 14
1 7 12 14 16
1 8 9 11 12
2 3 4 10 12
2 3 5 10 14
2 3 8 9 13
2 3 10 13 15
2 3 11 14 16
2 4 5 6 8
2 4 7 11 13
2 4 7 15 16
2 5 7 9 12
2 5 9 11 16
2 6 9 10 15
2 6 11 12 16
2 6 13 14 16
2 7 8 10 11
2 8 12 14 15
3 4 5 9 15
3 4 6 11 13
3 4 7 8 14
3 5 6 10 11
3 5 6 12 13
3 5 7 13 16
3 6 8 15 16
3 6 9 12 14
3 7 9 10 16
3 7 11 12 15
4 5 9 10 13
4 5 11 12 14
4 6 7 9 11
4 6 10 14 16
4 8 9 12 16
4 8 10 11 15
4 12 13 14 15
5 6 7 14 15
5 7 8 11 16
5 8 9 14 16
5 8 10 13 14
5 8 11 13 15
5 10 12 15 16
6 7 8 12 13
6 7 10 13 15
6 8 9 10 12
7 9 11 13 14
9 10 11 14 15
9 12 13 15 16
10 11 12 13 16
