1 2 3 4 5
1 2 3 4 9
1 2 3 6 15
1 2 3 7 10
1 2 3 8 12
1 2 3 11 13
1 2 3 14 16
1 4 5 10 13
1 4 6 10 12
1 4 7 8 15
1 4 7 11 16
1 4 13 14 15
1 5 6 7 13
1 5 8 11 14
1 5 12 15 16
1 6 10 14 16
1 6 11 12 13
1 7 9 12 14
1 8 9 13 16
1 9 10 11 15
2 4 6 11 14
2 4 7 9 13
2 4 8 11 16
2 4 10 15 16
2 5 6 7 16
2 5 8 9 15
2 5 10 12 14
2 6 8 10 13
2 6 9 12 16
2 7 8 10 14
2 7 11 12 15
2 9 10 11 14
2 12 13 14 15
3 4 5 11 15
3 4 6 13 16
3 4 8 9 14
3 4 11 12 16
3 5 6 7 14
3 5 8 10 16
3 5 9 12 13
3 6 8 12 14
3 6 9 10 11
3 7 8 11 13
3 7 9 15 16
3 8 10 12 15
3 10 13 14 15
4 5 6 7 8
4 5 8 12 13
4 5 9 14 16
4 6 9 12 15
4 7 9 10 11
5 6 7 8 9
5 6 7 10 15
5 6 7 11 12
5 9 10 11 13
5 13 14 15 16
6 8 11 15 16
6 9 13 14 15
7 8 12 14 16
7 8 13 14 15
7 10 12 13 16
8 9 10 11 12
9 10 11 12 16
11 13 14 15 16
