1 2 3 4 6
1 2 4 5 11
1 2 7 8 12
1 2 9 10 16
1 2 13 14 15
1 3 5 6 11
1 3 6 7 12
1 3 6 8 15
1 3 6 9 13
1 3 6 10 14
1 4 7 15 16
1 4 8 9 10
1 4 12 13 14
1 5 7 9 14
1 5 8 13 16
1 5 10 12 15
1 7 9 11 15
1 7 10 11 13
1 8 11 14 16
1 9 11 12 16
2 3 5 7 10
2 3 8 11 13
2 3 9 11 12
2 3 14 15 16
2 4 7 9 13
2 4 8 10 16
2 4 12 14 15
2 5 6 8 9
2 5 6 14 15
2 5 12 13 16
2 6 7 11 16
2 6 10 12 13
2 7 8 14 15
2 9 12 14 15
2 10 11 14 15
3 4 5 9 15
3 4 7 8 10
3 4 7 11 14
3 4 10 12 16
3 5 6 13 16
3 5 8 12 14
3 7 8 9 16
3 7 12 13 15
3 9 10 13 14
3 10 11 15 16
4 5 6 7 12
4 5 7 13 16
4 5 8 10 14
4 6 8 10 11
4 6 9 14 16
4 6 11 13 15
4 8 9 11 12
4 8 10 13 15
5 6 10 13 16
5 7 8 11 15
5 9 10 11 12
5 9 13 15 16
5 11 13 14 16
6 7 8 13 14
6 7 9 10 15
6 8 12 15 16
6 9 11 12 14
7 10 12 14 16
8 9 11 12 13
