1 2 3 4 5
1 2 3 4 6
1 2 3 7 8
1 2 3 9 10
1 2 3 11 12
1 2 3 13 14
1 2 3 15 16
1 4 5 7 11
1 4 6 10 12
1 4 8 14 16
1 4 9 13 15
1 5 6 9 16
1 5 8 10 15
1 5 12 13 14
1 6 7 14 15
1 6 8 11 13
1 7 8 9 12
1 7 10 13 16
1 9 10 11 14
1 11 12 15 16
2 4 5 7 14
2 4 6 11 15
2 4 8 9 10
2 4 12 13 16
2 5 6 10 12
2 5 8 11 13
2 5 9 15 16
2 6 7 8 16
2 6 9 13 14
2 7 9 11 12
2 7 10 13 15
2 8 12 14 15
2 10 11 14 16
3 4 5 6 13
3 4 7 10 16
3 4 8 9 12
3 4 11 14 15
3 5 7 8 15
3 5 9 14 16
3 5 10 11 12
3 6 7 12 14
3 6 8 11 16
3 6 9 10 15
3 7 9 11 13
3 8 10 13 14
3 12 13 15 16
4 5 6 7 16
4 5 6 12 15
4 5 8 10 14
4 7 8 10 15
4 7 12 13 16
4 9 11 12 13
5 6 9 10 13
5 7 9 11 15
5 7 11 13 15
5 8 9 10 14
6 8 9 10 11
6 10 12 15 16
6 11 12 14 15
6 11 13 14 16
7 8 9 13 16
7 8 10 14 16
8 11 12 13 14
9 12 14 15 16
