1 2 3 11 13
1 2 4 5 13
1 2 6 9 12
1 2 7 14 15
1 2 7 15 16
1 2 8 10 11
1 3 4 6 15
1 3 5 8 14
1 3 7 9 16
1 3 7 11 12
1 3 10 13 15
1 4 5 7 12
1 4 8 11 16
1 4 9 10 14
1 5 6 10 16
1 5 9 11 15
1 6 7 8 13
1 6 7 11 14
1 7 8 9 13
1 8 10 12 15
1 12 13 14 16
2 3 4 12 16
2 3 5 6 7
2 3 7 8 10
2 3 9 14 15
2 4 5 10 15
2 4 6 8 14
2 4 7 9 11
2 5 8 9 16
2 5 11 12 14
2 6 9 10 13
2 6 11 15 16
2 7 10 12 13
2 8 12 13 15
2 10 13 14 16
3 4 5 10 11
3 4 7 13 14
3 4 8 9 12
3 5 9 12 13
3 5 12 15 16
3 6 8 13 16
3 6 9 10 11
3 6 10 12 14
3 7 8 11 15
3 10 11 14 16
4 5 6 9 16
4 5 7 8 15
4 5 8 10 13
4 6 7 10 16
4 6 11 12 13
4 9 13 15 16
4 11 12 14 15
5 6 8 11 12
5 6 13 14 15
5 7 9 10 14
5 7 11 13 16
6 7 9 12 15
6 8 9 10 15
6 9 12 14 16
7 8 12 14 16
7 10 11 13 15
8 9 11 13 14
8 10 14 15 16
9 10 11 12 16
