1 2 4 11 16
1 2 5 7 13
1 2 6 9 12
1 2 9 14 15
1 3 4 12 14
1 3 5 12 16
1 3 6 11 13
1 3 7 8 9
1 3 10 15 16
1 4 5 8 15
1 4 6 7 15
1 4 9 10 11
1 5 6 9 10
1 5 11 14 15
1 6 8 14 16
1 7 8 11 12
1 7 9 13 16
1 7 10 13 14
1 10 12 13 15
2 3 4 11 15
2 3 5 10 14
2 3 6 7 16
2 3 8 12 13
2 4 5 11 12
2 4 6 8 11
2 4 7 8 14
2 4 9 10 13
2 5 6 13 15
2 5 8 9 16
2 6 10 12 14
2 7 9 11 15
2 7 10 12 16
2 8 10 11 15
2 11 12 13 14
3 4 5 7 10
3 4 6 9 16
3 4 8 10 13
3 5 8 11 16
3 5 9 13 15
3 6 8 14 15
3 6 10 11 12
3 7 9 11 12
3 7 12 14 15
3 9 13 14 16
4 5 6 13 16
4 5 7 9 14
4 6 7 12 13
4 7 11 14 16
4 8 9 12 15
4 8 10 12 16
4 10 14 15 16
5 6 7 8 10
5 6 7 11 14
5 7 10 12 15
5 8 12 13 14
5 9 12 14 16
5 10 11 13 16
6 8 9 11 13
6 9 10 15 16
6 11 12 15 16
7 8 13 15 16
8 9 10 11 14
