1 2 3 4 5
1 2 3 7 8
1 2 4 9 10
1 2 5 11 12
1 2 6 13 14
1 2 6 15 16
1 3 6 9 10
1 3 11 13 14
1 3 12 15 16
1 4 6 11 12
1 4 7 13 15
1 4 8 14 16
1 5 6 7 8
1 5 9 13 16
1 5 10 14 15
1 7 9 12 14
1 7 10 11 16
1 8 9 11 15
1 8 10 12 13
2 3 4 13 15
2 3 6 9 11
2 3 7 9 14
2 3 12 14 16
2 4 6 7 8
2 4 9 12 13
2 4 10 11 14
2 5 6 10 12
2 5 7 13 14
2 5 8 10 16
2 6 8 13 16
2 7 10 11 15
2 8 9 12 15
2 11 13 15 16
3 4 5 6 15
3 4 5 14 16
3 4 7 10 12
3 4 8 10 15
3 5 6 7 16
3 5 7 8 9
3 5 10 13 14
3 5 11 12 15
3 6 7 11 13
3 6 8 14 15
3 8 11 12 16
3 9 10 13 16
4 5 8 11 13
4 5 9 11 16
4 6 8 9 10
4 6 11 14 15
4 6 12 13 16
4 7 8 12 14
4 7 9 15 16
5 6 9 12 14
5 7 9 10 11
5 7 12 15 16
5 8 9 13 15
6 7 10 13 15
6 8 10 11 12
6 9 10 14 16
7 8 11 14 16
7 9 11 12 13
8 10 12 13 14
9 11 13 14 15
10 12 14 15 16
