1 2 3 4 5
1 2 3 6 7
1 2 4 6 8
1 2 5 9 11
1 2 10 13 15
1 2 12 14 16
1 3 8 13 14
1 3 9 10 16
1 3 11 12 15
1 4 7 15 16
1 4 9 12 13
1 4 10 11 14
1 5 6 10 12
1 5 7 13 14
1 5 8 15 16
1 6 9 14 15
1 6 11 13 16
1 7 8 9 10
1 7 8 11 12
2 3 4 12 14
2 3 5 9 14
2 3 6 15 16
2 3 8 10 11
2 3 11 13 14
2 4 5 6 13
2 4 7 9 10
2 4 11 15 16
2 5 7 10 16
2 5 8 12 15
2 6 8 10 14
2 6 9 11 12
2 7 8 14 15
2 7 10 12 13
2 8 9 13 16
3 4 6 10 13
3 4 7 8 16
3 4 9 11 15
3 5 7 8 11
3 5 10 14 15
3 5 12 13 16
3 6 8 9 12
3 6 11 14 16
3 7 9 13 15
3 7 10 12 14
4 5 6 7 14
4 5 6 9 16
4 5 8 10 15
4 6 7 12 15
4 7 8 11 13
4 8 9 12 14
4 10 11 12 16
4 13 14 15 16
5 6 7 9 12
5 6 8 13 15
5 8 9 11 15
5 8 11 14 16
5 9 10 11 13
6 7 10 11 15
6 7 12 13 16
6 9 10 13 14
7 9 11 14 16
8 10 12 13 16
9 10 12 15 16
11 12 13 14 15
