1 2 3 4 5
1 2 3 6 7
1 2 4 6 8
1 2 5 9 11
1 2 10 13 15
1 2 12 14 16
1 3 8 13 14
1 3 9 10 16
1 3 11 12 15
1 4 7 15 16
1 4 9 12 13
1 4 10 11 14
1 5 6 10 12
1 5 7 13 14
1 5 8 15 16
1 6 9 14 15
1 6 11 13 16
1 7 8 9 10
1 7 8 11 12
2 3 4 12 15
2 3 5 12 13
2 3 7 8 10
2 3 11 14 16
2 4 5 6 14
2 4 7 9 13
2 4 8 12 14
2 4 11 12 16
2 5 7 8 9
2 5 7 11 15
2 6 7 9 16
2 6 8 11 13
2 6 10 12 15
2 9 10 14 15
2 10 13 15 16
3 4 5 13 16
3 4 6 13 14
3 4 8 9 11
3 5 6 7 15
3 5 8 10 14
3 5 9 13 15
3 6 8 9 10
3 6 8 12 16
3 7 9 12 14
3 7 11 13 16
3 10 11 15 16
4 5 7 14 15
4 5 9 10 12
4 6 7 8 16
4 6 9 11 15
4 6 10 14 16
4 7 9 10 11
4 8 10 13 15
5 6 8 15 16
5 6 10 11 13
5 7 10 12 16
5 8 10 11 12
5 9 11 14 16
6 7 11 12 14
6 9 11 12 13
7 8 12 13 15
7 10 12 13 14
8 9 13 14 16
8 11 13 14 15
9 12 14 15 16
