1 2 3 4 5
1 2 3 6 7
1 2 4 6 8
1 2 5 9 10
1 2 11 13 15
1 2 12 14 16
1 3 8 11 12
1 3 9 13 16
1 3 10 14 15
1 4 7 13 14
1 4 9 12 15
1 4 10 11 16
1 5 6 15 16
1 5 7 11 12
1 5 8 13 14
1 6 9 11 14
1 6 10 12 13
1 7 8 9 10
1 7 8 15 16
2 3 4 7 13
2 3 5 8 10
2 3 6 12 16
2 3 10 12 14
2 4 6 9 10
2 4 7 8 15
2 4 7 9 16
2 4 11 12 14
2 5 6 13 15
2 5 7 14 15
2 5 11 15 16
2 6 7 8 11
2 8 12 13 14
2 9 10 12 15
2 9 11 13 16
3 4 5 8 14
3 4 6 9 11
3 4 11 13 15
3 5 7 10 11
3 5 8 9 16
3 5 12 13 15
3 6 7 14 16
3 6 8 15 16
3 7 8 9 12
3 9 13 14 15
3 10 11 13 16
4 5 6 9 15
4 5 7 10 12
4 5 12 14 16
4 6 8 11 12
4 6 13 14 16
4 8 9 10 13
4 10 14 15 16
5 6 7 10 16
5 6 8 11 13
5 7 9 12 13
5 9 10 11 14
6 7 9 12 14
6 8 10 13 14
6 10 11 12 15
7 8 10 13 15
7 9 11 14 15
7 11 12 13 16
8 9 11 14 16
8 10 12 15 16
