1 2 3 4 5
1 2 3 6 7
1 2 4 6 8
1 2 5 9 10
1 2 11 13 15
1 2 12 14 16
1 3 8 11 12
1 3 9 13 16
1 3 10 14 15
1 4 7 13 14
1 4 9 12 15
1 4 10 11 16
1 5 6 15 16
1 5 7 11 12
1 5 8 13 14
1 6 9 11 14
1 6 10 12 13
1 7 8 9 10
1 7 8 15 16
2 3 6 11 16
2 3 6 12 15
2 3 6 13 14
2 3 8 9 14
2 3 8 10 16
2 4 7 8 11
2 4 8 10 13
2 4 9 15 16
2 5 6 9 10
2 5 7 13 16
2 5 8 12 15
2 5 10 11 14
2 7 9 14 15
2 7 10 12 15
2 9 11 12 13
3 4 6 9 10
3 4 7 11 14
3 4 7 12 16
3 4 8 13 15
3 5 6 7 8
3 5 9 12 13
3 5 10 12 14
3 5 11 15 16
3 7 9 11 15
3 7 10 11 13
4 5 6 11 13
4 5 6 12 16
4 5 6 14 15
4 5 7 10 15
4 5 8 9 11
4 6 7 11 12
4 8 10 12 14
4 12 13 15 16
5 7 9 14 16
5 8 10 13 16
6 7 9 13 15
6 7 10 14 16
6 8 9 12 14
6 8 9 13 16
6 8 10 11 15
7 8 12 13 14
8 11 13 14 16
9 10 11 12 16
9 10 13 14 15
11 12 14 15 16
