1 2 3 4 5
1 2 3 7 8
1 2 4 9 10
1 2 5 11 12
1 2 6 13 14
1 2 6 15 16
1 3 6 9 10
1 3 11 13 14
1 3 12 15 16
1 4 6 11 12
1 4 7 13 15
1 4 8 14 16
1 5 6 7 8
1 5 9 13 16
1 5 10 14 15
1 7 9 12 14
1 7 10 11 16
1 8 9 11 15
1 8 10 12 13
2 3 4 11 16
2 3 6 8 11
2 3 7 10 14
2 3 9 12 13
2 4 5 6 14
2 4 7 13 16
2 4 8 12 15
2 5 7 9 15
2 5 8 10 16
2 6 7 10 12
2 6 9 11 16
2 8 9 13 14
2 10 11 13 15
2 11 12 14 16
3 4 6 10 15
3 4 9 14 15
3 4 10 12 16
3 5 6 11 13
3 5 8 13 15
3 5 9 10 11
3 5 9 14 16
3 5 10 12 15
3 6 7 9 16
3 6 8 12 14
3 7 8 9 10
3 7 11 12 15
4 5 7 10 13
4 5 8 9 12
4 5 11 15 16
4 6 7 8 13
4 6 8 9 16
4 7 9 11 13
4 7 12 13 14
4 8 10 11 14
5 6 7 12 16
5 6 8 10 15
5 7 8 11 14
5 12 13 14 15
6 7 11 14 15
6 9 12 13 15
6 10 13 14 16
7 8 14 15 16
8 11 12 13 16
9 10 11 12 14
9 10 13 15 16
