1 2 3 4 5
1 2 3 4 6
1 2 3 7 8
1 2 3 9 10
1 2 3 11 12
1 2 3 13 14
1 2 3 15 16
1 4 5 6 11
1 4 7 10 14
1 4 8 9 16
1 4 12 13 15
1 5 7 12 16
1 5 8 10 15
1 5 9 13 14
1 6 7 8 13
1 6 9 10 12
1 6 14 15 16
1 7 9 11 15
1 8 11 12 14
1 10 11 13 16
2 4 5 9 10
2 4 6 7 12
2 4 8 13 14
2 4 11 15 16
2 5 6 8 16
2 5 7 14 15
2 5 11 12 13
2 6 9 11 14
2 6 10 13 15
2 7 8 10 11
2 7 9 13 16
2 8 9 12 15
2 10 12 14 16
3 4 5 14 16
3 4 6 11 13
3 4 7 9 15
3 4 8 10 12
3 5 6 12 15
3 5 7 8 11
3 5 9 10 13
3 6 7 10 16
3 6 8 9 14
3 7 12 13 14
3 8 13 15 16
3 9 11 12 16
3 10 11 14 15
4 5 7 10 13
4 5 11 12 14
4 6 8 10 15
4 7 8 11 12
4 8 9 11 13
4 9 12 14 15
5 6 7 9 13
5 6 9 15 16
5 6 10 14 16
5 8 9 12 13
5 10 11 12 15
6 7 11 13 15
6 7 11 14 16
6 12 13 14 16
7 8 9 14 16
7 10 12 15 16
8 9 10 11 16
8 10 13 14 15
