1 2 3 4 5
1 2 3 4 6
1 2 3 7 8
1 2 3 9 10
1 2 3 11 12
1 2 3 13 14
1 2 3 15 16
1 4 5 12 15
1 4 6 10 14
1 4 7 9 16
1 4 8 11 13
1 5 6 7 13
1 5 8 10 16
1 5 9 11 14
1 6 8 9 15
1 6 11 12 16
1 7 8 12 14
1 7 10 11 15
1 9 10 12 13
1 13 14 15 16
2 4 5 10 13
2 4 6 15 16
2 4 7 11 14
2 4 8 9 12
2 5 6 8 11
2 5 7 9 15
2 5 12 14 16
2 6 7 10 12
2 6 9 13 14
2 7 8 13 16
2 8 10 14 15
2 9 10 11 16
2 11 12 13 15
3 4 6 9 11
3 4 7 12 13
3 4 8 14 15
3 4 10 12 16
3 5 6 8 12
3 5 7 11 15
3 5 9 13 16
3 5 10 11 14
3 6 7 14 16
3 6 10 13 15
3 7 8 9 10
3 8 11 13 16
3 9 12 14 15
4 5 6 7 8
4 5 7 11 16
4 6 12 14 15
4 8 9 14 16
4 8 10 11 12
4 9 10 13 15
5 6 9 10 14
5 6 10 15 16
5 7 9 10 12
5 8 13 14 15
5 11 12 13 14
6 7 11 14 15
6 8 10 11 13
6 9 12 13 16
7 8 12 15 16
7 9 11 12 13
7 10 13 14 16
8 9 11 15 16
