1 2 3 4 5
1 2 3 4 6
1 2 3 7 8
1 2 3 9 10
1 2 3 11 12
1 2 3 13 14
1 2 3 15 16
1 4 5 6 7
1 4 8 11 12
1 4 9 14 16
1 4 10 13 15
1 5 8 10 14
1 5 9 12 15
1 5 11 13 16
1 6 8 9 13
1 6 10 12 16
1 6 11 14 15
1 7 8 15 16
1 7 9 10 11
1 7 12 13 14
2 4 5 8 15
2 4 6 9 12
2 4 7 10 16
2 4 11 13 14
2 5 6 10 13
2 5 7 12 14
2 5 9 11 16
2 6 7 8 11
2 6 14 15 16
2 7 9 13 15
2 8 9 10 14
2 8 12 13 16
2 10 11 12 15
3 4 5 7 13
3 4 6 8 16
3 4 9 11 15
3 4 10 12 14
3 5 6 9 14
3 5 8 10 11
3 5 12 15 16
3 6 7 10 15
3 6 11 12 13
3 7 8 9 12
3 7 11 14 16
3 8 13 14 15
3 9 10 13 16
4 5 7 8 9
4 5 11 12 16
4 6 9 10 11
4 6 13 15 16
4 7 12 14 15
4 8 10 12 13
5 6 8 12 15
5 6 11 14 16
5 7 11 13 15
5 8 10 15 16
5 9 10 12 13
6 7 9 12 16
6 7 13 14 16
6 9 10 14 15
7 8 10 13 14
7 9 11 12 14
8 9 11 13 15
8 10 11 14 16
