1 2 3 4 5
1 2 3 4 6
1 2 3 7 8
1 2 3 9 10
1 2 3 11 12
1 2 3 13 14
1 2 3 15 16
1 4 5 7 9
1 4 6 15 16
1 4 8 12 14
1 4 10 11 13
1 5 6 8 10
1 5 11 14 15
1 5 12 13 16
1 6 7 11 13
1 6 9 12 14
1 7 10 12 15
1 7 10 14 16
1 8 9 11 16
1 8 9 13 15
2 4 5 8 11
2 4 6 7 14
2 4 9 10 15
2 4 12 13 16
2 5 6 9 13
2 5 7 15 16
2 5 10 12 14
2 6 8 12 15
2 6 10 11 16
2 7 8 10 13
2 7 9 11 12
2 8 9 14 16
2 11 13 14 15
3 4 5 13 15
3 4 6 10 12
3 4 7 8 16
3 4 9 11 14
3 5 6 14 16
3 5 7 10 11
3 5 8 9 12
3 6 7 9 15
3 6 8 11 13
3 7 12 13 14
3 8 10 14 15
3 9 10 13 16
3 11 12 15 16
4 5 6 11 12
4 5 9 11 16
4 6 8 9 13
4 7 8 11 15
4 7 10 12 16
4 13 14 15 16
5 6 7 12 15
5 7 8 13 14
5 8 10 15 16
5 9 10 12 13
5 9 12 14 15
6 7 11 14 16
6 8 12 13 16
6 9 10 11 15
6 10 13 14 15
7 8 9 10 14
7 9 11 13 16
8 10 11 12 14
