1 2 3 4 13
1 2 3 4 16
1 2 3 5 10
1 2 3 6 9
1 2 3 7 14
1 2 3 8 15
1 2 3 11 12
1 4 5 6 7
1 4 5 11 14
1 4 6 11 12
1 4 8 9 13
1 4 10 12 15
1 5 8 12 13
1 5 9 12 16
1 6 8 15 16
1 6 13 14 15
1 7 8 11 14
1 7 10 12 14
1 7 10 13 16
1 9 10 11 15
2 4 6 9 15
2 4 7 9 12
2 4 8 10 14
2 4 11 12 13
2 5 6 7 13
2 5 8 9 15
2 5 11 12 15
2 5 11 14 16
2 6 8 12 14
2 6 10 12 16
2 7 8 13 16
2 8 9 10 11
2 13 14 15 16
3 4 5 10 12
3 4 7 10 13
3 4 8 11 15
3 4 9 12 14
3 4 13 14 15
3 5 6 7 11
3 5 8 14 16
3 6 8 10 13
3 6 9 12 13
3 6 9 15 16
3 7 8 12 15
3 7 11 12 16
3 9 10 11 13
4 5 9 13 16
4 6 10 14 16
4 7 11 15 16
4 9 10 11 12
5 6 7 8 9
5 6 7 8 10
5 6 7 12 14
5 6 7 15 16
5 8 10 15 16
5 9 10 11 12
5 13 14 15 16
6 8 11 13 16
6 9 10 11 14
7 8 9 14 16
7 9 10 11 16
7 9 13 14 15
8 11 13 14 15
10 12 13 14 15
