1 2 3 4 7
1 2 3 4 13
1 2 3 5 15
1 2 3 6 9
1 2 3 8 11
1 2 3 10 12
1 2 3 14 16
1 4 5 11 14
1 4 6 12 15
1 4 8 9 13
1 5 6 7 10
1 5 8 12 13
1 5 9 12 16
1 6 8 11 16
1 7 8 11 14
1 7 10 12 14
1 7 10 13 16
1 8 10 15 16
1 9 10 11 14
1 11 13 14 15
2 4 6 9 15
2 4 7 12 13
2 4 8 10 14
2 5 6 7 11
2 5 8 9 15
2 5 11 12 15
2 5 11 14 16
2 6 8 12 14
2 6 9 10 11
2 6 10 12 16
2 7 8 9 16
2 7 13 14 15
2 8 11 13 16
3 4 5 12 14
3 4 7 10 13
3 4 8 11 15
3 4 9 10 11
3 4 13 14 15
3 5 6 7 15
3 5 8 10 16
3 6 8 10 13
3 6 9 12 13
3 6 9 15 16
3 7 8 12 15
3 7 11 12 16
3 8 9 14 16
4 5 6 7 13
4 5 9 13 16
4 5 10 12 15
4 6 10 14 16
4 6 11 12 13
4 7 9 12 14
4 7 11 15 16
5 6 7 8 9
5 6 7 8 14
5 6 7 12 16
5 9 10 11 12
5 9 13 14 15
6 13 14 15 16
7 9 10 11 15
8 9 10 11 16
8 10 13 14 15
9 10 11 12 13
12 13 14 15 16
