1 2 3 5 16
1 2 3 10 14
1 2 4 8 15
1 2 4 9 13
1 2 6 11 12
1 2 7 12 13
1 3 4 7 14
1 3 4 12 16
1 3 6 9 15
1 3 8 11 13
1 4 5 10 11
1 4 6 11 16
1 5 6 13 14
1 5 7 12 15
1 5 8 9 10
1 6 7 8 10
1 6 9 12 14
1 7 9 11 16
1 8 12 14 16
1 10 11 14 15
1 10 13 15 16
2 3 4 6 13
2 3 4 11 15
2 3 7 9 12
2 3 8 9 14
2 4 5 12 14
2 4 7 10 16
2 5 6 10 11
2 5 7 8 11
2 5 9 13 15
2 6 7 14 15
2 6 8 9 16
2 7 9 10 15
2 8 10 12 13
2 11 12 15 16
2 11 13 14 16
3 4 5 10 15
3 4 8 9 10
3 5 6 8 12
3 5 7 10 13
3 5 9 11 14
3 6 7 11 12
3 6 10 14 16
3 7 8 15 16
3 8 10 11 16
3 9 12 13 16
3 12 13 14 15
4 5 6 7 9
4 5 8 13 16
4 5 11 12 13
4 6 8 11 14
4 6 10 12 15
4 7 8 9 12
4 7 11 13 15
4 9 10 13 14
4 9 14 15 16
5 6 11 15 16
5 8 10 14 15
5 9 10 12 16
6 7 12 13 16
6 9 10 11 13
7 8 9 13 14
7 10 11 12 14
8 9 11 12 15
