1 2 3 5 15
1 2 4 8 14
1 2 4 12 13
1 2 6 11 14
1 2 7 10 16
1 3 4 10 12
1 3 7 8 13
1 3 8 11 12
1 3 9 14 16
1 4 5 9 14
1 4 11 15 16
1 5 6 7 11
1 5 8 10 13
1 6 7 9 10
1 6 8 9 15
1 6 12 13 16
1 7 12 14 15
1 9 10 11 13
1 10 13 14 15
2 3 4 6 16
2 3 5 13 14
2 3 7 12 15
2 3 8 9 11
2 4 5 11 13
2 4 9 10 15
2 5 6 10 15
2 5 9 12 16
2 6 7 8 12
2 7 8 10 11
2 7 9 13 14
2 8 13 15 16
2 10 11 12 14
2 11 14 15 16
3 4 5 7 9
3 4 6 14 15
3 4 8 13 16
3 5 6 12 14
3 5 10 11 16
3 6 7 11 16
3 6 9 10 13
3 8 10 14 15
3 9 12 15 16
3 11 12 13 15
4 5 6 8 10
4 5 7 15 16
4 6 7 13 15
4 6 9 11 12
4 7 8 9 12
4 7 10 11 14
4 9 10 13 16
4 12 13 14 16
5 6 8 9 16
5 7 8 14 16
5 7 10 12 13
5 8 11 12 15
5 9 10 11 14
5 9 13 14 15
6 8 11 13 14
6 10 11 12 15
6 10 14 15 16
7 9 11 15 16
7 11 12 13 16
8 9 10 12 16
8 9 12 13 14
