1 2 3 7 12
1 2 4 8 11
1 2 5 9 16
1 2 6 10 15
1 2 7 14 15
1 2 8 13 16
1 3 4 5 10
1 3 6 11 13
1 3 8 9 15
1 4 6 12 16
1 4 7 9 13
1 4 10 13 14
1 4 11 15 16
1 5 6 7 16
1 5 6 8 14
1 5 7 10 11
1 5 12 13 15
1 6 9 10 16
1 7 8 10 12
1 9 11 12 14
2 3 4 6 9
2 3 5 11 15
2 3 8 10 14
2 3 9 13 14
2 3 12 15 16
2 4 5 12 14
2 4 7 10 16
2 5 6 7 13
2 5 6 8 15
2 5 9 10 15
2 6 8 9 12
2 6 11 14 16
2 7 8 9 11
2 10 11 12 13
3 4 5 13 16
3 4 6 14 15
3 4 7 11 14
3 4 8 12 13
3 5 6 10 12
3 5 7 8 14
3 5 7 9 12
3 6 7 8 16
3 7 10 13 15
3 8 11 12 14
3 9 10 11 16
4 5 6 9 11
4 5 7 8 15
4 6 7 8 13
4 6 8 10 11
4 7 11 12 13
4 8 9 14 16
4 9 10 12 15
5 8 9 10 13
5 8 11 12 16
5 9 11 13 14
5 10 14 15 16
6 7 9 10 14
6 7 11 12 15
6 9 13 15 16
6 10 12 13 14
7 9 11 15 16
7 12 13 14 16
8 10 12 15 16
8 11 13 14 15
