1 2 5 10 11
1 2 5 13 15
1 2 6 9 12
1 2 6 14 16
1 2 7 9 13
1 2 7 12 15
1 2 8 10 14
1 2 8 11 16
1 3 5 8 12
1 3 6 7 10
1 3 9 15 16
1 3 11 13 14
1 4 5 7 16
1 4 6 8 13
1 4 9 10 15
1 4 11 12 14
1 5 6 9 11
1 5 6 14 15
1 7 8 9 14
1 7 8 11 15
1 10 12 13 16
2 3 5 7 14
2 3 6 8 15
2 3 9 10 16
2 3 11 12 13
2 4 5 8 9
2 4 6 7 11
2 4 10 15 16
2 4 12 13 14
2 5 6 10 12
2 5 6 13 16
2 7 8 10 13
2 7 8 12 16
2 9 11 14 15
3 4 5 10 13
3 4 5 11 15
3 4 6 9 14
3 4 6 12 16
3 4 7 9 12
3 4 7 13 15
3 4 8 10 11
3 4 8 14 16
3 5 6 9 13
3 5 6 11 16
3 7 8 9 11
3 7 8 13 16
3 10 12 14 15
4 5 6 10 14
4 5 6 12 15
4 7 8 10 12
4 7 8 14 15
4 9 11 13 16
5 7 9 10 15
5 7 11 12 13
5 8 10 15 16
5 8 11 13 14
5 9 12 14 16
6 7 9 15 16
6 7 12 13 14
6 8 9 10 16
6 8 11 12 14
6 10 11 13 15
7 10 11 14 16
8 9 12 13 15
