1 2 3 5 6
1 2 4 12 16
1 2 5 13 15
1 2 7 11 15
1 2 8 9 14
1 3 4 14 15
1 3 5 12 14
1 3 8 11 12
1 3 9 10 13
1 4 6 10 15
1 4 7 12 13
1 5 6 7 14
1 5 7 8 10
1 5 9 10 11
1 5 12 15 16
1 6 8 9 15
1 6 10 12 16
1 6 11 13 14
1 7 9 14 16
1 7 10 11 14
1 8 11 13 16
2 3 4 5 10
2 3 4 8 13
2 3 6 7 8
2 3 11 15 16
2 3 12 13 14
2 4 6 11 13
2 4 7 10 14
2 4 9 11 15
2 5 7 9 12
2 5 11 14 16
2 6 9 10 16
2 6 12 14 15
2 7 10 13 16
2 8 10 11 12
2 8 10 15 16
3 4 6 9 12
3 4 10 11 16
3 5 7 9 15
3 5 7 11 13
3 5 8 9 16
3 6 8 10 14
3 6 9 11 14
3 6 13 15 16
3 7 10 12 15
3 7 12 14 16
4 5 6 7 16
4 5 8 12 15
4 5 9 13 14
4 5 11 12 14
4 6 8 14 16
4 7 8 9 11
4 8 9 10 13
4 9 13 15 16
5 6 8 12 13
5 6 10 11 15
5 8 11 14 15
5 10 13 14 16
6 7 9 10 13
6 7 11 12 16
7 8 13 14 15
9 10 12 14 15
9 11 12 13 16
10 11 12 13 15
