1 2 3 5 9
1 2 4 5 13
1 2 6 7 9
1 2 8 10 12
1 2 11 13 14
1 2 12 13 16
1 3 4 8 13
1 3 4 10 15
1 3 6 11 16
1 3 7 12 14
1 4 6 9 12
1 4 7 8 11
1 4 9 14 16
1 5 6 8 14
1 5 7 10 16
1 5 11 12 15
1 6 10 14 15
1 7 13 14 15
1 8 9 15 16
1 9 10 11 13
2 3 4 7 16
2 3 4 11 12
2 3 6 13 15
2 3 8 11 14
2 4 5 6 15
2 4 5 10 14
2 4 8 9 13
2 5 7 12 13
2 5 8 11 16
2 6 7 10 11
2 6 12 14 16
2 7 8 12 15
2 9 10 15 16
2 9 11 14 15
3 4 5 11 13
3 4 6 9 14
3 5 6 7 8
3 5 6 10 12
3 5 14 15 16
3 7 9 11 13
3 7 10 11 15
3 8 9 12 16
3 9 12 13 15
3 10 13 14 16
4 5 7 9 15
4 5 8 12 16
4 6 7 13 14
4 6 8 10 16
4 6 9 10 11
4 7 10 12 13
4 8 12 14 15
4 11 13 15 16
5 6 7 11 14
5 6 9 13 16
5 8 9 10 11
5 8 10 13 15
5 9 12 13 14
6 7 12 15 16
6 8 9 11 15
6 8 11 12 13
7 8 9 10 14
7 8 13 14 16
7 9 11 12 16
10 11 12 14 16
