1 2 3 8 14
1 2 4 10 11
1 2 4 14 15
1 2 5 10 13
1 2 5 15 16
1 2 7 9 12
1 3 4 5 7
1 3 6 11 13
1 3 9 10 16
1 3 11 12 15
1 4 6 7 16
1 4 6 12 14
1 4 7 8 11
1 4 9 13 15
1 5 6 8 9
1 5 6 10 12
1 5 11 14 16
1 6 9 15 16
1 7 8 10 15
1 7 10 13 14
1 8 12 13 16
2 3 4 6 9
2 3 5 9 11
2 3 7 11 16
2 3 12 13 15
2 4 5 8 12
2 4 7 13 16
2 5 6 7 14
2 6 7 13 15
2 6 8 11 13
2 6 10 12 16
2 7 8 10 16
2 8 9 10 15
2 9 13 14 16
2 10 11 12 14
3 4 8 15 16
3 4 10 12 13
3 4 11 13 14
3 5 6 13 16
3 5 7 10 15
3 5 8 10 11
3 5 9 12 15
3 5 12 14 16
3 6 7 8 12
3 6 10 14 15
3 7 8 9 13
4 5 6 11 15
4 5 9 10 13
4 5 10 14 16
4 6 8 10 13
4 7 8 9 14
4 7 10 12 15
4 9 11 12 16
5 7 8 9 16
5 7 11 12 13
5 8 13 14 15
6 7 9 10 11
6 8 11 12 15
6 8 11 14 16
6 9 12 13 14
7 9 11 14 15
7 12 14 15 16
8 9 10 12 14
10 11 13 15 16
