1 2 3 10 11
1 2 4 9 11
1 2 6 7 9
1 2 8 13 15
1 2 12 14 16
1 3 4 5 7
1 3 5 9 13
1 3 6 15 16
1 3 7 8 12
1 4 5 13 16
1 4 6 12 14
1 4 8 10 15
1 5 6 8 14
1 5 7 11 16
1 5 10 12 15
1 6 8 10 11
1 6 11 12 13
1 7 10 13 14
1 8 9 10 16
1 9 11 14 15
2 3 4 15 16
2 3 5 6 12
2 3 7 13 16
2 3 8 9 14
2 4 5 8 12
2 4 6 10 13
2 4 7 14 15
2 5 7 8 10
2 5 9 15 16
2 5 11 13 14
2 6 8 11 16
2 6 10 14 15
2 7 11 12 15
2 9 10 12 13
3 4 6 8 9
3 4 8 10 16
3 4 8 13 14
3 4 11 12 13
3 5 8 11 15
3 5 10 14 16
3 6 7 11 14
3 6 10 12 13
3 7 9 10 15
3 9 11 12 16
3 12 13 14 15
4 5 6 11 15
4 5 9 10 14
4 6 7 8 13
4 6 11 14 16
4 7 9 12 16
4 7 10 11 12
4 9 12 13 15
5 6 7 13 15
5 6 9 10 11
5 7 9 12 14
5 8 9 10 13
5 8 12 13 16
6 7 10 12 16
6 8 9 12 15
6 9 13 14 16
7 8 9 11 13
7 8 14 15 16
8 10 11 12 14
10 11 13 15 16
