1 2 3 12 14
1 2 4 13 15
1 2 5 7 10
1 2 6 14 16
1 2 8 9 11
1 3 4 7 8
1 3 5 14 16
1 3 6 9 15
1 3 10 11 13
1 4 5 6 10
1 4 9 10 16
1 4 11 12 14
1 5 6 8 15
1 5 9 12 13
1 6 9 11 12
1 7 9 13 14
1 7 10 12 15
1 7 11 15 16
1 8 10 14 15
1 8 12 13 16
2 3 4 9 12
2 3 5 6 11
2 3 5 8 13
2 3 7 9 16
2 3 10 15 16
2 4 5 8 16
2 4 6 7 12
2 4 7 11 16
2 5 9 14 15
2 5 10 12 16
2 6 8 12 15
2 6 9 10 13
2 7 13 14 16
2 8 10 11 14
2 11 12 13 15
3 4 5 7 15
3 4 6 13 16
3 5 8 9 10
3 5 11 12 15
3 6 7 12 13
3 6 10 12 14
3 8 11 12 16
3 8 13 14 15
3 9 11 13 14
4 5 9 11 13
4 6 8 9 14
4 6 10 11 15
4 7 8 9 15
4 7 10 13 14
4 8 10 12 13
4 12 14 15 16
5 6 7 9 16
5 6 12 13 14
5 7 8 11 13
5 7 8 12 14
5 10 11 14 16
5 10 13 15 16
6 7 8 10 16
6 7 11 14 15
7 9 10 11 12
8 9 12 14 16
9 11 13 15 16
