1 2 3 4 10
1 2 6 10 11
1 2 6 12 13
1 2 7 9 14
1 2 8 12 15
1 3 4 6 8
1 3 5 9 12
1 3 7 8 16
1 3 13 14 15
1 4 5 7 11
1 4 8 10 13
1 4 14 15 16
1 5 6 10 16
1 5 7 8 13
1 5 12 14 16
1 6 9 15 16
1 7 10 14 15
1 8 11 14 16
1 9 11 12 15
1 9 11 13 16
2 3 4 12 14
2 3 5 6 9
2 3 5 8 13
2 3 7 15 16
2 4 5 7 8
2 4 5 13 15
2 4 9 11 15
2 5 8 9 16
2 5 10 11 14
2 5 10 12 16
2 6 8 13 14
2 6 14 15 16
2 7 8 9 11
2 7 11 12 16
2 9 10 12 13
3 4 7 9 13
3 4 10 11 16
3 5 6 7 14
3 5 11 15 16
3 6 10 11 13
3 6 10 12 15
3 7 11 12 14
3 8 9 10 15
3 8 11 12 13
3 9 13 14 16
4 5 6 13 16
4 5 9 10 14
4 6 7 8 15
4 6 7 12 16
4 6 9 11 14
4 7 10 12 15
4 8 9 12 16
4 11 12 13 14
5 6 8 11 12
5 7 9 10 15
5 8 11 14 15
5 12 13 14 15
6 7 9 12 13
6 7 11 13 15
6 8 9 10 14
7 8 10 12 14
7 9 10 11 16
7 10 13 14 16
8 10 13 15 16
