1 2 3 4 7
1 2 3 5 9
1 2 3 6 11
1 2 3 7 10
1 2 3 8 14
1 2 3 12 15
1 2 3 13 16
1 4 5 12 14
1 4 6 10 16
1 4 7 11 13
1 4 8 9 15
1 5 6 7 8
1 5 8 10 13
1 5 11 15 16
1 6 9 12 13
1 6 13 14 15
1 7 9 14 16
1 7 10 12 15
1 8 11 12 16
1 9 10 11 14
2 4 5 8 11
2 4 6 9 14
2 4 7 15 16
2 4 10 12 13
2 5 6 7 12
2 5 10 14 16
2 5 13 14 15
2 6 8 10 15
2 6 11 13 16
2 7 8 9 13
2 7 11 12 14
2 8 9 12 16
2 9 10 11 15
3 4 5 10 15
3 4 6 8 13
3 4 7 9 12
3 4 8 12 16
3 4 11 14 16
3 5 6 7 16
3 5 8 9 14
3 5 11 12 13
3 6 9 15 16
3 6 10 12 14
3 7 8 11 15
3 7 13 14 15
3 8 10 12 16
3 9 10 11 13
4 5 6 7 8
4 5 9 10 11
4 5 9 13 16
4 6 11 12 15
4 7 8 10 14
5 6 7 9 15
5 6 7 10 13
5 6 7 11 14
5 7 9 10 12
5 8 12 15 16
6 8 9 10 11
6 8 12 14 16
7 8 12 13 16
7 9 10 11 16
8 11 13 14 15
9 12 13 14 15
10 13 14 15 16
